 -1.50946 [0.6068572996797974, 0.9559042937297616, 0.42938600084107736] 0.0005119205007393431 -1.1760476045322665 -17.25261438576707
 -1.5094600801603206 [0.6947333390120758, 0.9469272836825418, 0.4393900724994181] 0.0021239681180513018 -1.1699137777065445 -17.24976405599471
 -1.5094601603206412 [0.7872703115105767, 0.9371229192678419, 0.4472594972700012] 0.002291616690037852 -1.1645279867449108 -17.248935288249022
 -1.5094602404809618 [0.8840988191912371, 0.9272205564942326, 0.452490742829983] 0.0028600018777476996 -1.1602423709693983 -17.249737233082296
 -1.5094603206412827 [0.990998005067893, 0.9173255616084403, 0.45470343096836957] 0.0027220627951294036 -1.1543047607109456 -17.248684455316123
 -1.5094604008016033 [1.1244541457153254, 0.9068137783257858, 0.4534930639878721] 0.0025673652533998877 -1.1501399267531114 -17.23922068552103
 -1.5094604809619239 [1.3324977623485885, 0.8937777389116539, 0.44809686359457107] 0.001976324055170343 -1.1431660949066709 -17.2386323903383
 -1.5094605611222445 [1.902358827000731, 0.8704324522767021, 0.4363507346347329] 0.00282041110706118 -1.13658499940539 -17.239336224289282
 -1.509460641282565 [9.978987753906887, 0.6519015549037832, 0.4046801095847799] -0.0008261121744992561 -1.1310902710150592 -17.233626050193898
 -1.5094607214428857 [0.35615321934576816, 0.864054181977514, 0.36727653307427816] -6.304732212606243e-5 -1.1258505004372101 -17.238644270044123
 -1.5094608016032065 [0.385443375969429, 0.9547803204647589, 0.3801537565047308] 0.0004555050089532999 -1.1198472483634108 -17.23678888044952
 -1.509460881763527 [0.4838638229649889, 0.9655987945661857, 0.40979428680301494] 0.0006727050591949284 -1.1142080872555404 -17.228647194905403
 -1.5094609619238477 [0.6570837142859481, 0.950851257500858, 0.43541717631984617] 0.00187398572735861 -1.1096584566684853 -17.223391643417806
 -1.5094610420841683 [0.8459825706163646, 0.9310342033287113, 0.45080949683335375] 0.00312581947724039 -1.1031490552299943 -17.221712161465902
 -1.509461122244489 [1.0511403976353162, 0.9123408409016923, 0.4545729820035921] 0.00344080004918407 -1.0964248816620579 -17.21342420731434
 -1.5094612024048095 [1.4090641786977403, 0.8897414806189003, 0.44599084064116956] 0.002681223040900579 -1.0893564592567588 -17.215013810240748
 -1.5094612825651303 [10.654543369216237, 0.688958893430053, 0.40954881607446286] -0.00019178490453845303 -1.0858560276137392 -17.21512174069532
 -1.509461362725451 [0.3645726359037398, 0.9241200444040166, 0.36848022466194225] 0.0004473454840868368 -1.079595157533232 -17.214160605581302
 -1.5094614428857716 [0.4825781406978432, 0.9656352471043753, 0.40953538621928093] 0.0006547727260293752 -1.0735150975572598 -17.20708342068136
 -1.5094615230460922 [0.7423597983767081, 0.9418724119407551, 0.443781416835985] 0.0027744214137837685 -1.0679407228524318 -17.201876466544807
 -1.5094616032064128 [1.0199567017183993, 0.9148717946053526, 0.4547442138245351] 0.004308104711466978 -1.0585688759405587 -17.19941668032028
 -1.5094616833667334 [1.5932193391443057, 0.881316517440062, 0.4415201908972959] 0.0007934109135342625 -1.0552248108665019 -17.199480061471302
 -1.5094617635270542 [0.35963213519467047, 0.8284576089162251, 0.3710664169938289] 0.00040942555050906183 -1.0498506382763861 -17.201958467625595
 -1.5094618436873748 [0.4609794043505985, 0.966305066000305, 0.40486407126268836] 0.0005777297648573767 -1.0433807806888078 -17.188127249856482
 -1.5094619238476954 [0.7908746431557676, 0.9367383133116244, 0.44751265840922066] 0.004214297513650249 -1.0347133474940684 -17.185092185408063
 -1.509462004008016 [1.182322366383797, 0.9028291422770026, 0.45218890450012283] 0.0020733495515665224 -1.0293162511709246 -17.185724265766492
 -1.5094620841683366 [6.412326695130951, 0.6468757740874039, 0.39778701598683175] -0.0001609043689247811 -1.0248257886928303 -17.190048113802764
 -1.5094621643286572 [0.4399662352917116, 0.9662007126646223, 0.3996583089428708] 0.0006222933442872753 -1.018711040135004 -17.17669718082759
 -1.509462244488978 [0.8315797385261069, 0.9325037943116055, 0.45004742753673677] 0.0032987985433465647 -1.0107283993016116 -17.168635386826967
 -1.5094623246492986 [1.4171233381581811, 0.8893275958380832, 0.44576766149719355] 0.001649165344537862 -1.005413604266831 -17.175082134227697
 -1.5094624048096192 [0.3634127995073658, 0.9193686864325672, 0.36796401417229] 0.0005979044888856538 -1.000275940669125 -17.17205036474528
 -1.5094624849699398 [0.6914251599739801, 0.9472596899051231, 0.43906293611815356] 0.001090514333434865 -0.9892232051432635 -17.160273963067393
 -1.5094625651302604 [1.2420998927209368, 0.899020315240378, 0.4506178263372685] 0.0022791192092247374 -0.9858093105451105 -17.164996624167777
 -1.5094626452905813 [0.3612355029324508, 0.9097556552940721, 0.3670218002092176] 0.001001151032005443 -0.9802217177930661 -17.15354987058113
 -1.5094627254509019 [0.7435167828398123, 0.9417431418532508, 0.44388121980440515] 0.0023824745981827424 -0.9714486701007594 -17.151854246375972
 -1.5094628056112225 [1.5549429745825671, 0.8829086721321104, 0.44234238169712026] 0.001465868651756647 -0.9671849798759802 -17.1537923701436
 -1.509462885771543 [0.42443271443849456, 0.965245329339721, 0.3952270106659475] 0.0007357273342954235 -0.9581147042182384 -17.138226003430116
 -1.5094629659318637 [1.005595780229776, 0.9160740127419348, 0.4547509926428777] 0.002940975258622102 -0.9521602454166472 -17.14364184594313
 -1.5094630460921843 [0.3567767141514739, 0.8580793345595525, 0.3682720857687769] 0.002124584022327253 -0.944348672043149 -17.13494184233711
 -1.5094631262525051 [0.8128899499766711, 0.9344326163591459, 0.448953823957283] 0.003302435869609078 -0.9384785813255053 -17.132195358513425
 -1.5094632064128257 [9.3921735894132, 0.6613442937519564, 0.403919742418252] 0.0015342702802434924 -0.9306838061209988 -17.12885716530787
 -1.5094632865731463 [0.7308142766030559, 0.9430877470197299, 0.44278607874324266] 0.0029044406234945567 -0.9248097112610189 -17.12395976796238
 -1.509463366733467 [9.690926629906311, 0.7210480605597729, 0.4119143966323444] 0.00043269463144705536 -0.9180333500420759 -17.12041449461522
 -1.5094634468937875 [0.7656362124742966, 0.9393935658911248, 0.44566931477696253] 0.00290444347386781 -0.9112080499027707 -17.11334841849778
 -1.5094635270541081 [0.6126379535552128, 0.744822300617969, 0.38219349052147195] 0.00028879604401539177 -0.903679693175483 -17.112349339475845
 -1.509463607214429 [0.9224373249758667, 0.9235195354299414, 0.4536961550153412] 0.004001577739684455 -0.896190330192462 -17.101528324935604
 -1.5094636873747496 [0.384839182042693, 0.953593912323691, 0.3799264409152535] 0.0005773974763135104 -0.8906819577704748 -17.100085896440664
 -1.5094637675350702 [1.3102983333876481, 0.895002468327328, 0.44871058699580757] 0.0016641759338555746 -0.8808711964306881 -17.092898887885518
 -1.5094638476953908 [0.6723869858818796, 0.9492369998363673, 0.4370932708309671] 0.0029332124050678366 -0.8739121794273392 -17.08261305535425
 -1.5094639278557114 [0.3572761528841293, 0.8717206252378062, 0.3675115686656705] 0.000415349109701421 -0.8682679069352773 -17.089779394338255
 -1.509464008016032 [1.2405568855667741, 0.899111825119214, 0.4506584459731839] 0.002519359633411112 -0.859678542138012 -17.082409458020823
 -1.5094640881763528 [0.7509666346381572, 0.9409434347121688, 0.4445033283419279] 0.0029906739022445197 -0.8504083157479293 -17.065635302727323
 -1.5094641683366734 [0.4044198820915253, 0.9618411878083594, 0.38844178098749643] 0.0018322119771273563 -0.8439265955076197 -17.063121636944633
 -1.509464248496994 [9.703936925079926, 0.677836207464369, 0.4058394980517861] -0.0006448713513700153 -0.8387321997521907 -17.066011438433165
 -1.5094643286573146 [1.2549078506179723, 0.898236721060633, 0.45026270751308645] 0.002498974481821056 -0.8305910368783799 -17.057173290602403
 -1.5094644088176352 [0.9247164119898306, 0.9233029673323233, 0.4537535499142436] 0.0034757452701379495 -0.8211592023868368 -17.051219736382524
 -1.5094644889779558 [0.7106478230307121, 0.9452129792559149, 0.4409446838033958] 0.0026113716742471346 -0.8128028596936768 -17.044353303789812
 -1.5094645691382766 [0.5386409020249644, 0.9618933309241109, 0.4196192981045075] 0.0010521456279743565 -0.8049345599958599 -17.036111954362774
 -1.5094646492985972 [0.4386010335055735, 0.9658784629185999, 0.3993139215817072] 0.0006421920495155856 -0.7971530835592414 -17.03163677794596
 -1.5094647294589179 [0.3998503945536031, 0.9603857153950757, 0.3866696060799702] -2.4822756653733346e-5 -0.7895935702351502 -17.026495847188585
 -1.5094648096192385 [0.39215447681640375, 0.9573574000436941, 0.3834130822920739] 0.0005793993814622683 -0.7813592697063169 -17.022576304993997
 -1.509464889779559 [0.40743859130389687, 0.9623646959635873, 0.38958245729778224] -0.00019146570326558234 -0.7732176033851631 -17.011168076300443
 -1.5094649699398797 [0.4645491020539433, 0.9659839691101049, 0.4056993812417162] 0.0005839857395439237 -0.7642715068571497 -17.00134294567801
 -1.5094650501002005 [0.6014290167002458, 0.9563370474962017, 0.4286953212219073] 0.0033610324196333714 -0.7527550839315853 -16.990163094574346
 -1.509465130260521 [0.8111072439557008, 0.9346075896282605, 0.44884740565526393] 0.00309051176494211 -0.7452953518204369 -16.990402540120478
 -1.5094652104208417 [1.0908158072395278, 0.9092733410489405, 0.4540901771438152] 0.003131462109400584 -0.7382960546977108 -16.985062668765487
 -1.5094652905811623 [2.8242272815448914, 0.8479347086239187, 0.4283963048887907] 0.0014037005222472137 -0.7307949331043655 -16.977317475767855
 -1.509465370741483 [0.3899659015657189, 0.9559981719676065, 0.3824443878118493] 0.00010083005935072406 -0.7192971207414985 -16.967320676538762
 -1.5094654509018035 [0.7906083754637913, 0.9367466999200907, 0.44750156190134555] 0.0032877828017422936 -0.7123938750996325 -16.958612459988316
 -1.5094655310621243 [1.6641504620136218, 0.8783365567654663, 0.4399350886356095] 0.0013752559247860246 -0.7017455438149508 -16.95329192176442
 -1.509465611222445 [0.46096121728306944, 0.9659561207207649, 0.40488959940534963] -0.0001906462505621843 -0.6923507587889208 -16.942259995171394
 -1.5094656913827655 [1.166761522387478, 0.9038641010825222, 0.45256613143408736] 0.002895631221167541 -0.6826614008484458 -16.936906998068572
 -1.5094657715430861 [0.4356540265601626, 0.9655411523226, 0.3985255979573254] 0.0015839467690950818 -0.6729968767744472 -16.920466908023254
 -1.5094658517034067 [1.4118739337775381, 0.8895607499675962, 0.4458811962172762] 0.002170905259103965 -0.6653264625636109 -16.920104676032885
 -1.5094659318637274 [0.7051184493128237, 0.9457751490032887, 0.4404222932330594] 0.0032670706401788747 -0.6538238572751153 -16.907620077838832
 -1.5094660120240482 [0.36679889498575696, 0.9258205267859074, 0.370276061568408] 0.00015029383345952798 -0.643472046598901 -16.899782455664784
 -1.5094660921843688 [1.7803028552640423, 0.8739927267681159, 0.43777396356140424] 0.001398498846139504 -0.63430653705631 -16.885208613966913
 -1.5094661723446894 [1.0735019440930327, 0.9105867512564515, 0.454335250718762] 0.0036277036930298916 -0.6231808071601692 -16.87276694176411
 -1.50946625250501 [0.8823578664551447, 0.9273743090269727, 0.4524333261586633] 0.003692889705040732 -0.6121974506403527 -16.863896926469984
 -1.5094663326653306 [0.8058522983350631, 0.9351443118437489, 0.4485193162919252] 0.0034890493427919052 -0.601351841673399 -16.85614251072126
 -1.5094664128256512 [0.8340723581352683, 0.9322270694200051, 0.45019337696014544] 0.0036667268520673654 -0.5912886542894449 -16.84761288204696
 -1.509466492985972 [0.9734547091754522, 0.918848318950618, 0.4545803350741603] 0.00388277056522459 -0.581817380800583 -16.832739451526816
 -1.5094665731462926 [1.3430260681584463, 0.8931717668993377, 0.44777875859799193] 0.0024953653309260962 -0.5685771100867587 -16.82032682998807
 -1.5094666533066132 [0.37333514100417037, 0.8193938340534597, 0.37416532690120957] 0.0006218672156764223 -0.5596491912699109 -16.814947499135105
 -1.5094667334669338 [0.6349542146756072, 0.9529914907125505, 0.4328893889212154] 0.0026586542290618557 -0.5449410119634343 -16.79184661900364
 -1.5094668136272544 [1.4617631407908571, 0.8870888212165392, 0.44454996660294716] 0.0024568322638680922 -0.5358341727042761 -16.781861486832003
 -1.5094668937875753 [0.5735370173431565, 0.9588171800040187, 0.42490083753004204] 0.002024452999550975 -0.5223477921611951 -16.766673693240815
 -1.5094669739478959 [8.63485537263993, 0.6950360234666227, 0.40484164018082325] -0.0014219723169367688 -0.5094513677884654 -16.761999399379405
 -1.5094670541082165 [1.1237031359199632, 0.9068579056969889, 0.4535092907632309] 0.0032689589066587183 -0.49610928290264183 -16.742976516355778
 -1.509467134268537 [0.8691667754492771, 0.928673405045195, 0.45190263262478503] 0.003869652508349892 -0.4839522392774857 -16.725253175568202
 -1.5094672144288577 [0.8089146532471684, 0.9348141195487897, 0.4487180759566645] 0.004254554089678889 -0.4705655552355524 -16.704064439481908
 -1.5094672945891783 [0.9269043223181822, 0.9230852877676964, 0.4538121824308112] 0.0037441532111780708 -0.4549998704840994 -16.688054432219662
 -1.509467374749499 [1.367787138385506, 0.8918326961793477, 0.4470807114965528] 0.002658973673380143 -0.44272637538073545 -16.672519963256377
 -1.5094674549098197 [0.3773922852534368, 0.9432533083133491, 0.37639096506818215] -3.7044319732233554e-5 -0.4256997487226867 -16.654664505721502
 -1.5094675350701403 [1.021743872397878, 0.9147118216050489, 0.45474594633875315] 0.003850873298351549 -0.410308170376519 -16.63170114570379
 -1.509467615230461 [0.5152073592840861, 0.9632739524561487, 0.4157342072109776] 0.0014245679021653822 -0.395099792404203 -16.607969517375114
 -1.5094676953907815 [0.37226966924496774, 0.9344676398249188, 0.373704846780857] 0.0006072967899052507 -0.37897321953758506 -16.591163021860567
 -1.5094677755511021 [0.37680247705991254, 0.9416303980061799, 0.3761605961557953] 0.0014789541139846533 -0.35917625507837003 -16.5587632199282
 -1.509467855711423 [0.5912768347442402, 0.9571104161868642, 0.4273732035956576] 0.0026842980593036647 -0.34355677805519635 -16.53305613249465
 -1.5094679358717435 [1.3342600703117768, 0.8936429843269879, 0.4480188976033493] 0.0028026135268891307 -0.32476180059771953 -16.509770994310202
 -1.5094680160320642 [0.7448905982782165, 0.9415147619196585, 0.4440212305874149] 0.005965651818924071 -0.30126330285510633 -16.47164155142493
 -1.5094680961923848 [0.6550908122765056, 0.9508679502261876, 0.43523212080266255] 0.0034432032035082013 -0.2820419571046284 -16.443029423086234
 -1.5094681763527054 [1.0129599131731377, 0.9154384648653628, 0.4547615804596357] 0.004109636268780793 -0.2588051938404112 -16.406772634432066
 -1.509468256513026 [0.4334069859583606, 0.9641503052882066, 0.3979993347460911] 0.00043849518479586346 -0.2299564138561702 -16.356513183407024
 -1.5094683366733468 [0.434370785662373, 0.9641043547623709, 0.3982776939685965] 0.000834210498353801 -0.20185184467005451 -16.30687017030292
 -1.5094684168336674 [1.1969104504744636, 0.9018567353731655, 0.451818096653014] 0.004561807703317786 -0.1699875806890957 -16.249066762742803
 -1.509468496993988 [2.8293151617797325, 0.8456958255787732, 0.4268437518823296] 0.0018761103986738707 -0.13231135365957544 -16.169380581870186
 -1.5094685771543086 [0.44268592975520543, 0.9640103547480126, 0.40055946643771817] 0.0030814989896260072 -0.06489722318809646 -16.03001729499419
 -1.5094686573146292 [1.153559713342032, 0.9047093624876518, 0.4528923464379993] 0.28099371726595457 -0.0017915181212159854 -12.946794264180314
 -1.5094687374749498 [1.5653526147603785, 0.882181773507729, 0.4418498661484946] 0.2855010896261045 -0.0031463833846140637 -13.155558961963868
 -1.5094688176352706 [0.6240011551668273, 0.9534475406950281, 0.43167389920326904] 0.29728975707817706 -0.0033509135731918903 -13.34448021562218
 -1.5094688977955912 [0.979423156054139, 0.9181278514225758, 0.4547300086552202] 0.2852766899831339 -0.001659717540443492 -13.567419307437808
 -1.5094689779559118 [0.48900051778989895, 0.9592044726831861, 0.41138054427870685] 0.27958275015283585 -0.0014007399133205123 -13.758873283201407
 -1.5094690581162324 [0.9122641484590559, 0.9243672341960926, 0.45347800722406256] 0.27450481883539724 -0.00015079629502735375 -13.951625760428442
 -1.509469138276553 [4.140808997148677, 0.7710547697788366, 0.40306039078911815] 0.25989416487328826 -0.0007182798580648254 -13.9520723751328
 -1.5094692184368736 [0.815676238853495, 0.9339665359842585, 0.44918966179453623] 0.24722865890781412 -0.00328377396024769 -14.139025278266399
 -1.5094692985971945 [0.9156808594390357, 0.9241230533791935, 0.45353659386532136] 0.23395298611090679 0.0009640791427171334 -14.238488352533917
 -1.509469378757515 [1.2576963001488422, 0.8980376219408279, 0.45017525204704456] 0.2305311398214885 -0.000904596016588154 -14.303895756481765
 -1.5094694589178357 [0.43306372488938444, 0.9450921820963873, 0.3993427685426457] 0.19809776853411046 0.0009711062418860888 -14.402484280286576
 -1.5094695390781563 [2.8057516637959363, 0.838728851388076, 0.42207273980276433] 0.029788669555431385 -0.0027312990592280547 -14.785254393031646
 -1.509469619238477 [0.8074071320207304, 0.934403026234916, 0.4488253365220755] 0.20628770926099252 -0.0016812862230496228 -14.378152604321928
 -1.5094696993987975 [0.8299674685648546, 0.9324737291538887, 0.4500329849897928] 0.23036697445696538 -3.0676808050289816e-5 -14.289261128094859
 -1.5094697795591183 [0.5199693818268711, 0.957347194760613, 0.417142250622017] 0.18577622570849003 -0.0011262993082243077 -14.38640079811528
 -1.509469859719439 [3.4018319694029073, 0.6827658318964118, 0.39241216358255154] 0.18919696647674974 -0.0035973798322514396 -14.44317155408723
 -1.5094699398797595 [0.4346684035196715, 0.9570499474951851, 0.3989101363091993] 0.14500271928005615 -0.001960459869736667 -14.562970243168355
 -1.5094700200400801 [1.312149296570335, 0.894854283310291, 0.4486780586326637] 0.0033002901266515265 -0.034557567824579145 -14.788885935093528
 -1.5094701002004007 [1.0506985706248497, 0.9123707662326083, 0.4545789921241049] 0.004857570448155966 -0.11908382057482866 -14.701745928375514
 -1.5094701803607213 [1.080348113146529, 0.9100320112500221, 0.4542571434571642] 0.18293401058125047 -0.0009405232941397496 -14.405467650773089
 -1.5094702605210422 [1.8960052772897282, 0.8688226968637733, 0.43484988693953774] 0.16267617207445356 -0.002223374267945502 -14.37984443991487
 -1.5094703406813628 [0.40302620246321474, 0.9558622334878909, 0.38836441269559874] 0.21397376853037584 -0.0006600054486436353 -14.287676453595623
 -1.5094704208416834 [0.7324407164545177, 0.9428798364305844, 0.44294029416839525] 0.20466157945705274 -0.0017008081908052983 -14.373721081893954
 -1.509470501002004 [1.228313375731823, 0.8998540166773198, 0.4509852494069754] 0.1598361240128697 -0.0010136811239445786 -14.523586734952593
 -1.5094705811623246 [0.5119936697015705, 0.9527410479414267, 0.4162430062481006] 0.11139793838427592 -0.0024446920355884324 -14.589308864023378
 -1.5094706613226452 [1.0695278879598216, 0.9108689387015955, 0.45439486504050214] 0.0053449716302358735 -0.03225471436809788 -14.743534163158818
 -1.509470741482966 [0.570571846589166, 0.9588769321652445, 0.4245037330097344] 0.0032993313011792235 -0.03760989940988044 -14.794581571802475
 -1.5094708216432866 [1.1051999370309102, 0.9082050939785036, 0.4538520727419386] 0.0064226224186695515 -0.08915873090489429 -14.72909313888929
 -1.5094709018036072 [1.5729000645598168, 0.8819786141663986, 0.44178624129146404] 0.0026454317601093237 -0.18651771372083115 -14.60387650646088
 -1.5094709819639278 [1.5580712604173739, 0.8825668225108773, 0.4420779822877572] 0.0031006987639707957 -0.20867549101661817 -14.519696021326254
 -1.5094710621242484 [2.223165116465282, 0.8316541841986593, 0.41351700301022265] 0.04361334566258965 -0.003760538480462469 -14.42702380870521
 -1.5094711422845692 [0.5820726874283868, 0.9578921596976459, 0.4261229914650221] 0.18662361051027584 -0.0018142824868479194 -14.27643864521162
 -1.5094712224448898 [0.5434983836556192, 0.9506309437404813, 0.4216563148597573] 0.1898163070903081 -0.0009375049081984957 -14.294961985794375
 -1.5094713026052105 [1.4556321339812353, 0.8873011589731566, 0.44463559494524135] 0.20561070673747628 -0.0011955092372937647 -14.083049541200445
 -1.509471382765531 [1.9568415907834495, 0.8668886040418686, 0.4340022742977761] 0.0027439801746083356 -0.1887208918714205 -13.893791081918788
 -1.5094714629258517 [1.0450861806594534, 0.9127806922011117, 0.4546417418657165] 0.1751547409076325 0.00036489488334148155 -14.313828102116828
 -1.5094715430861723 [2.0976207980873234, 0.8306117905188872, 0.4119903779300342] 0.10163815365127184 -0.002828357191843141 -14.550002406517036
 -1.509471623246493 [0.7393013875522352, 0.9403013296332946, 0.444060694985021] 0.01903830870442194 -0.0017271176594884563 -14.538377209184937
 -1.5094717034068137 [0.7147564231691627, 0.9428559038842766, 0.44182475848979397] 0.0042117423341469385 -0.05554385493827225 -14.5935939469503
 -1.5094717835671343 [0.7222990849756666, 0.9434868319506481, 0.44215579335926125] 0.003822242040173607 -0.012296299619905464 -14.755650787419421
 -1.509471863727455 [3.152247229636456, 0.7678242645614828, 0.398489229518941] 0.0019766039978637226 -0.045044253236773 -14.73386248248857
 -1.5094719438877755 [0.4329350512090858, 0.9570636951531184, 0.39841419061710215] 0.0004994472631845396 -0.08268233640578597 -14.70128485369337
 -1.509472024048096 [0.45764538975978597, 0.9286893078839347, 0.4069120475547496] 0.00012329775013034935 -0.11946705540214758 -14.662259543050457
 -1.509472104208417 [1.2806248826937296, 0.896692743605741, 0.4495327633707623] 0.004436429575916164 -0.16173076753670204 -14.597176038907612
 -1.5094721843687375 [0.5429940998805769, 0.9496449236674206, 0.42169443725446615] 0.0004815742296248231 -0.20656206739975155 -14.533663803264094
 -1.5094722645290581 [0.7629051019387781, 0.9392123893912279, 0.44560236297044653] 0.004175907015586493 -0.259989317569698 -14.453356317034789
 -1.5094723446893787 [0.9419449775064069, 0.9215657544394423, 0.4541907168293069] 0.006410748730435471 -0.3185408560419572 -14.35106501415222
 -1.5094724248496993 [1.0587959458401275, 0.9115251713614703, 0.4546199436927359] 0.001423115942984957 -0.40206704829069656 -14.235659092416928
 -1.50947250501002 [0.5304286555198512, 0.9618068954653217, 0.4183645022371152] 0.0021730687268789 -0.5687494755971825 -14.022341423445317
 -1.5094725851703408 [1.8325479792542052, 0.8737473097122063, 0.4383683177562782] 0.0007622875310116943 -0.5176775902952435 -14.024370746935238
 -1.5094726653306614 [1.4474596216451767, 0.8876463607717148, 0.4448131169965272] 0.0028805085617825605 -0.3774320936400247 -14.107606843835315
 -1.509472745490982 [0.6309471748568838, 0.9515602943717814, 0.43273235259795334] 0.0031171663900408817 -0.2777420938183334 -14.126134329898694
 -1.5094728256513026 [0.40654858553906476, 0.927142039058857, 0.3918378778800604] -7.621872961333192e-5 -0.16999503458540335 -14.162699363358616
 -1.5094729058116232 [2.2871900021489933, 0.8354039047818387, 0.4159583592369356] 0.09136824774216272 -0.0011108942334051002 -14.099787310119703
 -1.5094729859719438 [0.5039916182539397, 0.9631997008790254, 0.41379956387178113] 0.13554930715381816 -0.001791063339335069 -14.050239225172886
 -1.5094730661322646 [1.2694447657605576, 0.8973022559321051, 0.44984996947389466] 0.12722690279840929 -0.002239186441930231 -13.983707444248907
 -1.5094731462925852 [1.0564243231697628, 0.9119097256344737, 0.4545299376258363] 0.14821941601990082 -0.0016329498797778058 -14.136028615970892
 -1.5094732264529058 [2.7626026052114785, 0.8407194529869294, 0.4229626638600861] 0.16780876008215553 -0.0022770821463829133 -13.802591772438117
 -1.5094733066132264 [0.4471530732575345, 0.9636343357200081, 0.4017475203830709] 0.002619024990093431 -0.09568949167485913 -13.54423984519352
 -1.509473386773547 [0.6377832449464712, 0.9528898581249039, 0.4331928450192175] 0.004625029743813352 -0.17654101507100703 -13.669109768608484
 -1.5094734669338676 [0.6098518667289904, 0.9556532992402272, 0.4297662928732698] 0.003581105193006396 -0.05836390718837324 -13.99328424095369
 -1.5094735470941885 [0.5342176862413548, 0.9548340022517184, 0.41972836061725544] 0.11183461220280407 -0.0010452761297226516 -13.935850401209223
 -1.509473627254509 [1.3736560017960282, 0.8915027572536603, 0.4468985393349244] 0.0036209312395908753 -0.1288952139324179 -13.918826425747884
 -1.5094737074148297 [0.8134842347819076, 0.9334889819534308, 0.4493147289107577] 0.004408000337602565 -0.3000548667500638 -14.001982365437485
 -1.5094737875751503 [0.4436101656321687, 0.8936481504245571, 0.40048312165545086] 0.0018701706612859372 -0.08656917488236088 -14.368456839263187
 -1.5094738677354709 [10.873316335050601, 0.7216242358783257, 0.4161952734067203] 0.0009641574705780095 -0.01400220684268041 -14.577164659096955
 -1.5094739478957915 [0.6394331665747355, 0.9526846423470318, 0.43339390390715715] 0.004764379538026987 -0.01710651067862295 -14.604284260439133
 -1.5094740280561123 [0.4232667739558092, 0.9592524776564244, 0.3953299012888137] 0.0001957185942878804 -0.04036940879448685 -14.592385922658536
 -1.509474108216433 [0.8810669886288791, 0.9268410346850365, 0.45267449848490726] 0.004668981593791258 -0.06462217553278057 -14.583080420662188
 -1.5094741883767535 [0.3858742382120857, 0.9388808378953852, 0.3817911625080362] 0.000762614850591597 -0.09381917180505378 -14.565806301579585
 -1.5094742685370741 [0.5515129398154188, 0.9610510163839499, 0.4216107074357318] 0.0025829200627026008 -0.1180758879221448 -14.538460598358725
 -1.5094743486973947 [0.7487140264466313, 0.7062198838056792, 0.3849766165858617] 0.0014630341140066656 -0.14740370084036553 -14.52119040579165
 -1.5094744288577153 [0.38167343801825876, 0.9533953136070478, 0.37810381956542316] 0.0009203000020403308 -0.1780641125986199 -14.491551202451591
 -1.5094745090180361 [1.5646599414219715, 0.8822646164614253, 0.44190926388325136] 0.002629342797955147 -0.21236606399510155 -14.46453713332415
 -1.5094745891783568 [0.487968050934506, 0.9401147422886769, 0.4128650515241258] 0.0005093782234810854 -0.24572487344653837 -14.431425389986254
 -1.5094746693386774 [0.4825067588818235, 0.8208031577531376, 0.38362125803164826] 0.0010731051142070507 -0.28441261566498033 -14.37434230104146
 -1.509474749498998 [0.9413797263538479, 0.9217601434485908, 0.4541137188665945] 0.005393163614896638 -0.32374338233302485 -14.321568772583998
 -1.5094748296593186 [1.257897985399593, 0.8980396771171701, 0.45016709411743644] 0.0040136597082622225 -0.37036307885193953 -14.270078119500404
 -1.5094749098196394 [0.9117336638913319, 0.9244374310222814, 0.4534551625848347] 0.004137913522299013 -0.4196424123771623 -14.206807246398405
 -1.50947498997996 [0.3797518783473122, 0.9521486426396099, 0.37703811892663947] 0.0009464442222043744 -0.48290818742724306 -14.12947399876784
 -1.5094750701402806 [0.6938152882054985, 0.9434149626320768, 0.44015766717018306] 0.0018722840551855433 -0.5629925537673366 -14.037756616487645
 -1.5094751503006012 [0.5689922672287882, 0.9482655008195844, 0.425701013533992] 0.0028261224306933867 -0.6851634620768302 -13.887183878666194
 -1.5094752304609218 [2.7970645091498056, 0.8539851603775277, 0.4327994568641618] 0.00018338203542574909 -1.0815247303016724 -13.483631684294807
 -1.5094753106212424 [0.3846764264571405, 0.9277848964040678, 0.38205912065461073] 0.0006173291918557882 -0.7625617377491739 -13.773790039638007
 -1.5094753907815632 [0.41584230912882786, 0.9651970860076433, 0.3924120200298815] 0.0013236960916073739 -0.6535174161519945 -13.861178807131655
 -1.5094754709418838 [1.1450327648802856, 0.6606075535984095, 0.38960770053299026] 0.0014045216858304295 -0.6023541452270891 -13.892872768726138
 -1.5094755511022044 [0.6855236759411606, 0.9479357208432501, 0.4384535313530583] 0.005440027030649124 -0.5688451811272922 -13.883517806975918
 -1.509475631262525 [0.885735509771804, 0.9268937722865734, 0.4526265340039435] 0.005968585249604402 -0.551604716048644 -13.877054121314561
 -1.5094757114228456 [0.7883683236871291, 0.9370239814092186, 0.44733432103587994] 0.004882094005125819 -0.5437905499490976 -13.857760096679158
 -1.5094757915831662 [0.3660117029867715, 0.9320885526438994, 0.3688461769849254] 0.0014458231664186314 -0.5405849727947877 -13.830571455939635
 -1.509475871743487 [0.6225540181777152, 0.9544235207314877, 0.43135685532212686] 0.004798371128557271 -0.5432891425801621 -13.793538709532754
 -1.5094759519038077 [0.5346879050704016, 0.9593117711002547, 0.4193045532416296] 0.002073231192769269 -0.5554553268797642 -13.749306107677503
 -1.5094760320641283 [0.44396812471826536, 0.7249964558847931, 0.3824016727275722] 0.0017991401082379942 -0.5708547083032125 -13.708523598575875
 -1.5094761122244489 [0.5889961477771808, 0.9466936192132848, 0.4286268800982952] 0.003388120321692362 -0.5939058691970893 -13.643040307401273
 -1.5094761923847695 [0.4974976365983557, 0.9303593122756947, 0.4154851298162296] 0.0007719309232282939 -0.6326528300350973 -13.584379509558293
 -1.50947627254509 [1.147736709633216, 0.9050526544713181, 0.45311875865958084] 0.0024097569070631185 -0.6909879252195941 -13.491299745469462
 -1.509476352705411 [1.138779860628948, 0.9057884173884774, 0.4531961581497023] 0.006640020924698322 -0.7914985835359082 -13.345108386808327
 -1.5094764328657315 [0.7731337619078916, 0.9363063105564127, 0.4469911973518748] 0.00460206828095733 -1.2063082991317529 -12.901495980042059
 -1.5094765130260521 [0.8290950380151411, 0.9323919490896153, 0.4500504477133987] 0.004410838417021927 -0.8107702029938408 -13.268816777801938
 -1.5094765931863727 [0.4241586371034827, 0.9478359224054045, 0.39646834649376317] -0.000130971679974564 -0.6754364136498132 -13.362287254728924
 -1.5094766733466933 [0.5400842572883983, 0.9578613449728728, 0.4202976503259043] 0.0012864994658733679 -0.598569741386752 -13.402183834511447
 -1.509476753507014 [1.395900216790893, 0.8902442331498949, 0.44621611735021194] 0.002613282548663077 -0.5426426808188171 -13.427945260984343
 -1.5094768336673348 [1.6639296965715715, 0.8799976733640026, 0.4415479632180356] 0.00047526641206049175 -0.49995813502637854 -13.428141189608693
 -1.5094769138276554 [2.9886633139844903, 0.7965370178499145, 0.4046752082448802] -0.0007871339438815481 -0.46329004092895454 -13.43577391516862
 -1.509476993987976 [1.076908734961271, 0.9101063289503628, 0.4544350526726799] 0.0025999913254665633 -0.43567634781079606 -13.436942150768246
 -1.5094770741482966 [0.6643514302120891, 0.948465466535133, 0.4365565608056584] 0.0034020044709958137 -0.4111822716416122 -13.4146838869545
 -1.5094771543086172 [0.6972394223406174, 0.9466962768207133, 0.4396343180876817] 0.003399595123164462 -0.38976448159838356 -13.41217329258451
 -1.5094772344689378 [1.068412275775805, 0.9107479365746286, 0.45454479677181275] 0.0029777161569184544 -0.3709380913642651 -13.395145369414157
 -1.5094773146292586 [1.4382823229327495, 0.888070305334629, 0.44503739870246867] 0.002686522014312008 -0.36033800696429413 -13.37183896835615
 -1.5094773947895792 [0.4220222040160068, 0.9373595951258493, 0.3965370524649079] 0.0010785534710771828 -0.3500277613482549 -13.346141712901785
 -1.5094774749498998 [0.7631224557976483, 0.939694511937766, 0.445466626386383] 0.003995906631994166 -0.3441862740428725 -13.317608091786074
 -1.5094775551102204 [1.2552823079730788, 0.8982197662143054, 0.45037827405866915] 0.0014895580230105275 -0.34966968257962255 -13.28711669390775
 -1.509477635270541 [1.1497080596858245, 0.9049556071592029, 0.45298587630573295] 0.004231493139175446 -0.3682628056923523 -13.228811420311494
 -1.5094777154308616 [0.8673059085484248, 0.9288930060076828, 0.45181088710797285] 0.00502548077399158 -0.41022421823258803 -13.14332538624504
 -1.5094777955911824 [1.7547255332297595, 0.849454769621841, 0.4188446608454293] 0.0004946390505672303 -0.5645395915933599 -12.967993509053223
 -1.509477875751503 [2.05685211205214, 0.6383114102675297, 0.3922542160295595] 0.0010482902866266524 -0.45765960126458527 -13.030369549166942
 -1.5094779559118237 [0.3542715667269624, 0.8537744284151905, 0.36686352033991126] 0.0014409669951385103 -0.18444280941338118 -13.244735956592047
 -1.5094780360721443 [1.358593733428, 0.892286143814526, 0.44730327972962] 0.12906795335690593 -0.0018115453214047948 -13.386909077961304
 -1.5094781162324649 [0.5531854997534906, 0.8620337287885789, 0.39961791922714884] 0.16065713368850137 -0.00185617123332243 -13.344930879189606
 -1.5094781963927855 [1.1052544366132377, 0.9080566288659383, 0.45393544491912813] 0.15460347390193943 -0.004461217481981412 -13.395530464470317
 -1.5094782765531063 [1.198140073918829, 0.9017576714689733, 0.45178197836982054] 0.003944719532523368 -0.005933896361833736 -13.5108842810466
 -1.509478356713427 [0.708130336378318, 0.9419954559490382, 0.44158951039431693] 0.1834738919791965 -0.0006364922104907779 -13.319266794919093
 -1.5094784368737475 [0.44952703806100625, 0.9417345234521927, 0.40403901555680666] 0.17650862122067026 -0.0008757105046029038 -12.889274619855895
 -1.509478517034068 [0.9506419963700495, 0.920686770183638, 0.4543860226585227] 0.075141235560146 -0.001953457666042482 -12.870233003631666
 -1.5094785971943887 [0.5235817106908435, 0.9010815566382915, 0.4150219142239322] -0.00045612719754727896 -0.14566197314389379 -13.13324033646758
 -1.5094786773547093 [0.7777160286751897, 0.93698006853311, 0.44695153997471254] 0.004235679399822888 -0.06858608800886623 -13.359547381986193
 -1.5094787575150301 [4.747073262958587, 0.7993600992846333, 0.4145441723681098] 0.0005085025981789239 -0.057998893190812965 -13.495477091778817
 -1.5094788376753507 [1.2226555621595825, 0.900206028904612, 0.45113194316409244] 0.004754239658725963 -0.07049081707789161 -13.59855622490516
 -1.5094789178356713 [5.863580893524981, 0.742338019528002, 0.4034095981897826] 0.0010982285573037 -0.09546710514814229 -13.66085663109653
 -1.509478997995992 [1.1356946407074617, 0.9059064763187576, 0.4533135632315532] 0.004596833310549257 -0.14991948693256904 -13.6902842570558
 -1.5094790781563125 [0.9606404086267735, 0.6712632457892377, 0.3884368786099943] 0.001757709648359093 -0.2718250548575101 -13.659553251026288
 -1.5094791583166334 [1.4137121575837868, 0.8893826795935821, 0.4457534572137633] 0.005642458990224625 -0.30625649663003957 -13.687750607895309
 -1.509479238476954 [0.7193718636590706, 0.9443494900482349, 0.44174598527529074] 0.005078856986041846 -0.14691643723823625 -13.927273380466413
 -1.5094793186372746 [1.1996090484046265, 0.9016722047435661, 0.45174211818676] 0.003944798422758207 -0.07785393846378615 -14.061548459333425
 -1.5094793987975952 [5.885066480263043, 0.6174910079268161, 0.3976395786586681] 0.001272914086626488 -0.032876396329929294 -14.175628510387341
 -1.5094794789579158 [0.406835458916354, 0.963071620474825, 0.3892952477987901] 0.0007040344928078977 -0.005112697115830639 -14.249328417329263
 -1.5094795591182364 [0.8548624622554171, 0.9301330993294336, 0.45124972755811166] 0.00436777970666497 -0.01980150437708133 -14.252168846830374
 -1.5094796392785572 [0.45006055274329565, 0.9063081277366412, 0.4043966258102629] -0.00022865990040008428 -0.035197435483937264 -14.25408412958352
 -1.5094797194388778 [1.6875901000472422, 0.8776933112051578, 0.4397521835854467] 0.0010479553390797737 -0.05370288710888518 -14.255215660386042
 -1.5094797995991984 [1.0957250096518816, 0.9089015402184555, 0.45401216054595395] 0.005031426135324769 -0.06597470030123688 -14.240889580055745
 -1.509479879759519 [1.8404021413355371, 0.872526302015855, 0.4373662430342333] 0.0008136340419061299 -0.08651953262297307 -14.245651352620524
 -1.5094799599198396 [0.4629944404854558, 0.9319067067883546, 0.4080081235123325] 0.0004207552951958302 -0.10182710112393739 -14.242563849522007
 -1.5094800400801602 [0.9812866752902858, 0.9181659845760037, 0.45464669027487] 0.004468099793757055 -0.11964659161510365 -14.233428476378625
 -1.509480120240481 [0.6085824946016843, 0.9557651887262743, 0.42960675191942266] 0.0028430088577750933 -0.13781162420287946 -14.225790128690125
 -1.5094802004008017 [0.5344112900071983, 0.9624240817194194, 0.4189171600419414] 0.001829920748716714 -0.15455339572844168 -14.224269600829656
 -1.5094802805611223 [0.7674585190520276, 0.9392233519132084, 0.44580619627263834] 0.004666069190834285 -0.17447311269351065 -14.219289051415725
 -1.5094803607214429 [1.5667042855412412, 0.8820325705468431, 0.4417273630973175] 0.0028737963462166557 -0.19141296223757726 -14.211659304840738
 -1.5094804408817635 [0.9266551567894752, 0.9226131412516153, 0.45404584249210683] 0.004305166566445282 -0.20858188505767508 -14.209891670515272
 -1.509480521042084 [0.6173223724651454, 0.9549188212605063, 0.43071210090014117] 0.0032205931078550564 -0.22972395528588443 -14.20240094634672
 -1.509480601202405 [0.8921435198028344, 0.9257583488386485, 0.4530902512625106] 0.0025152629612527014 -0.24685804998390598 -14.198814941586702
 -1.5094806813627255 [1.3696473103276328, 0.8916773803892675, 0.4469778871059017] 0.002555333213707479 -0.2670902584769328 -14.1849385637877
 -1.509480761523046 [0.6992276173311984, 0.9464765578390814, 0.43983317943717454] 0.0037098889507551844 -0.28725929375883524 -14.181099565472998
 -1.5094808416833667 [0.49858758098255757, 0.9649920824456544, 0.4126535435275261] 0.0020158449192318358 -0.3080752097706072 -14.164721109877439
 -1.5094809218436873 [0.6399827397394717, 0.952649811699366, 0.4334558114072532] 0.003163234985980443 -0.32748057472876047 -14.161230824570437
 -1.509481002004008 [1.1641957374782046, 0.9040281572413197, 0.4526219557804338] 0.0037512350549200038 -0.3495396779795784 -14.152311955563404
 -1.5094810821643287 [0.7554002353397749, 0.9384884099161911, 0.4454685584620233] 0.0027528475860832736 -0.36507996311326957 -14.13952339549992
 -1.5094811623246494 [0.4662740029828583, 0.9665107176852292, 0.4060405471520416] 0.0014378399176629873 -0.38914914223277786 -14.1292870340256
 -1.50948124248497 [0.7910507016903825, 0.9351862365504345, 0.44805595422217687] 0.001967256312492616 -0.40882546944414366 -14.124579600809973
 -1.5094813226452906 [1.2919477033284015, 0.8960080291243263, 0.44919440430299507] 0.0034067623074969487 -0.433042031240144 -14.10750155466605
 -1.5094814028056112 [0.7665796567605349, 0.9393246467709446, 0.44573642740816016] 0.00424578615878943 -0.4558333043682891 -14.089501147093943
 -1.5094814829659318 [0.6849295783198632, 0.947992828163187, 0.43839490036146866] 0.0033294226254287082 -0.47673791898063705 -14.077786955727706
 -1.5094815631262526 [0.9624278241832936, 0.9198412790440113, 0.45445305073198566] 0.004546035194798201 -0.49889043674098665 -14.06426116001583
 -1.5094816432865732 [0.4650557276251474, 0.9198455455439106, 0.40883625694284736] 0.0004927954042676846 -0.5240045026989772 -14.050078833707449
 -1.5094817234468938 [2.6412978657278634, 0.8553416858880997, 0.4323223890606523] 0.0005446466953156371 -0.5491848751365462 -14.036624497601531
 -1.5094818036072144 [1.4052168758811332, 0.8897999708602674, 0.4459716362476474] 0.0028593260397536792 -0.5726674349936361 -14.014423844597685
 -1.509481883767535 [0.3735360869878525, 0.9455067096991133, 0.3734817717804728] 0.00014900131834634262 -0.5962365446209574 -13.996870692335442
 -1.5094819639278556 [1.1651038439854042, 0.903875191506014, 0.45268505773080125] 0.002062199331179005 -0.6237259655591089 -13.974737619193865
 -1.5094820440881764 [0.869732962567144, 0.9277467884444058, 0.4523046725185747] 0.004740290744267106 -0.6483260691101287 -13.95625726672348
 -1.509482124248497 [0.9577749038503296, 0.9197944551724091, 0.45462531581834636] 0.0025041050752802134 -0.6790086045946612 -13.942418766782799
 -1.5094822044088176 [4.179189876002383, 0.8321334651211658, 0.42839751724746206] 0.0004946540785523932 -0.7080792482325067 -13.920737500535152
 -1.5094822845691382 [0.7192702230715874, 0.9443597743348717, 0.4417373910077053] 0.003933492919333001 -0.7373312765230766 -13.89117004402086
 -1.5094823647294588 [0.6697702396215316, 0.9450861857695635, 0.43776144911548076] 0.001542209951042448 -0.7683878426273268 -13.866226879804994
 -1.5094824448897795 [0.6721641465306746, 0.9493370997709873, 0.43705687601474125] 0.0027496943521358444 -0.8007246498290026 -13.833622449839861
 -1.5094825250501003 [1.615903143789792, 0.8810019948529517, 0.44166771201694727] 8.863403468157753e-5 -0.8379096619649721 -13.808615422751894
 -1.5094826052104209 [0.8112159200773527, 0.933151118010321, 0.4493898248166333] 0.002767766060403766 -0.8761524427185975 -13.77762690039604
 -1.5094826853707415 [0.6598046900920657, 0.9456058964991261, 0.4367381925884372] 0.002640397237345096 -0.9172785813906785 -13.737712297742805
 -1.509482765531062 [0.8311529784680822, 0.9312833911899052, 0.45052173190263356] 0.0029618813438100464 -0.9625012568549391 -13.698509630244002
 -1.5094828456913827 [1.9217256865316248, 0.8715146563189367, 0.4376313638362059] -0.00018130047517471177 -1.0159595802908594 -13.654489088476435
 -1.5094829258517035 [0.7167846690727677, 0.9446249594641052, 0.4415077021134767] 0.004474078682980501 -1.0711231165996167 -13.59721192846313
 -1.5094830060120241 [0.7086538381041247, 0.9420626218386916, 0.44161029734836993] 0.0016130843017569047 -1.1425221741686522 -13.536843164084063
 -1.5094830861723447 [0.7307622615263893, 0.9431376559565662, 0.4427736827960395] 0.004046360048778841 -1.2309108225184533 -13.45212790132081
 -1.5094831663326653 [2.394250175857483, 0.8611161955506688, 0.43444348358133467] -0.0001644838271287204 -1.3554285613706358 -13.341763358112559
 -1.509483246492986 [0.8522528799985561, 0.929286136945051, 0.45158480627901215] 0.003022025287145617 -1.5788355074799094 -13.109088303125212
 -1.5094833266533065 [0.664915453471028, 0.945060184266406, 0.4373288099701941] 0.004349657349576745 -1.9150926599626035 -12.774608230349276
 -1.5094834068136274 [0.7787797088016797, 0.9360265178341232, 0.4473167830069767] 0.002312458779252378 -1.4845970283222802 -13.223266590873582
 -1.509483486973948 [1.2915498506917282, 0.8960998049367873, 0.44936705357329987] 0.0016622266783336524 -1.3384507668448855 -13.370780598810644
 -1.5094835671342686 [0.47923338783603286, 0.9660836522553269, 0.40882450861240793] 0.0013444409860520685 -1.2524520700185815 -13.460471679693685
 -1.5094836472945892 [0.5787223761532264, 0.8845105764906488, 0.4121379403037413] 0.0010430529832038743 -1.1893455210010597 -13.516479274249939
 -1.5094837274549098 [0.3623335833853977, 0.921281556223326, 0.3666724369522174] 0.0007738657167203322 -1.1448311467231698 -13.571375587934217
 -1.5094838076152304 [0.7016711295190634, 0.9424062012596621, 0.44101169890748365] 0.0022715639391453564 -1.1080298640017194 -13.61312576144021
 -1.5094838877755512 [1.2311469853506967, 0.8996657018533537, 0.4508970308329104] 0.0034746280336603115 -1.0791973878373256 -13.64789853485189
 -1.5094839679358718 [0.7682848994258531, 0.9391465971255099, 0.44586691451595645] 0.004165195394781703 -1.0538285141560564 -13.675311021976649
 -1.5094840480961924 [0.6542402293395493, 0.9512011301366409, 0.4350917600896247] 0.0029428052662917076 -1.0318830533072374 -13.693919375939874
 -1.509484128256513 [0.8338920523749597, 0.9322809667581708, 0.450174037452199] 0.004501166989321798 -1.0154629218467963 -13.720646136629377
 -1.5094842084168336 [1.5424100961521614, 0.8830631597537244, 0.4422626466206491] 0.0027508434624981476 -0.9992670063899938 -13.735118539087258
 -1.5094842885771542 [0.8694863711409311, 0.9276324567154384, 0.4523573725236636] 0.0032055655827304816 -0.9860740682364824 -13.756423295207089
 -1.509484368737475 [0.44362446583817183, 0.9668132309977991, 0.40058400447046216] 0.0005041116802491319 -0.9729462421860864 -13.772615609998935
 -1.5094844488977956 [0.5817274299685158, 0.9468300669820913, 0.42764865438560196] 0.000984275004933509 -0.9617226258792755 -13.779427935037294
 -1.5094845290581163 [0.6766921471596792, 0.9488625913750068, 0.43753755990252624] 0.0032164572104944134 -0.9508482333592273 -13.799583266426827
 -1.5094846092184369 [2.364255756997628, 0.862490758724222, 0.4352788799274533] -0.0006274979446128267 -0.9424135228056396 -13.821165578525516
 -1.5094846893787575 [0.8458829439353328, 0.929778174367775, 0.45132687222229856] 0.002710252425949814 -0.9348677426898746 -13.830745284502283
 -1.509484769539078 [0.6130781329635767, 0.946655517557845, 0.4316108306140947] 0.0010483398328777205 -0.9270966313879482 -13.834708559802332
 -1.509484849699399 [0.630054786124723, 0.9461780367447035, 0.43361338778628067] 0.0016979168092939362 -0.9218923114100135 -13.850519297280817
 -1.5094849298597195 [0.8967287492671999, 0.9251188482078444, 0.4533449890290434] 0.0034328450145958696 -0.9153009993413198 -13.851086455422845
 -1.50948501002004 [14.873197045185787, 0.6382240201642478, 0.41509892706702145] 0.0022457383068757285 -0.9106193208089475 -13.855321292866245
 -1.5094850901803607 [0.7732356154856156, 0.938620922309589, 0.4462418904397139] 0.004683868910897217 -0.9065345085953582 -13.863593853162545
 -1.5094851703406813 [0.669871261709692, 0.9441947525022838, 0.43796911580376724] 0.00201233402816121 -0.9021804498561234 -13.877365711678113
 -1.509485250501002 [0.4990037592815455, 0.9650153900441947, 0.41272790387328606] 0.001734913577969622 -0.8979729746975658 -13.870772372587016
 -1.5094853306613227 [0.888800883043156, 0.9258207077970028, 0.4530952667727595] 0.0030650075807492376 -0.8948766238096073 -13.893680469152272
 -1.5094854108216433 [1.3390873623374744, 0.8933204897105734, 0.44783241020773157] 0.002922724089661619 -0.8918069450713817 -13.893411953311869
 -1.509485490981964 [0.6439737757603685, 0.9522536951775574, 0.4339198639412835] 0.0029579855577794496 -0.8878283356250861 -13.89848727285444
 -1.5094855711422845 [0.38257852356357436, 0.9542599941261389, 0.37856510405481647] 0.00010566030429018637 -0.8856264215495128 -13.898525928278058
 -1.5094856513026051 [0.36066559619968513, 0.9142633834432806, 0.36587063345400916] 0.002642474155896553 -0.8833253930145293 -13.907620782168895
 -1.5094857314629258 [0.40023444516949885, 0.9621993363920861, 0.3866864118556305] 0.00044238221286226016 -0.8836208367307775 -13.90861141438243
 -1.5094858116232466 [0.7337410811011928, 0.9428178394149492, 0.4430368248219565] 0.0034737858659813323 -0.8787806633672293 -13.921499106868033
 -1.5094858917835672 [1.7420468652665118, 0.8741555890958884, 0.43733407376239025] 0.001639438418046228 -0.8792496209867602 -13.9144222342946
 -1.5094859719438878 [1.0320376921810674, 0.9135500695103937, 0.45489540579700855] 0.002641416609241566 -0.8767319360595229 -13.924231958155435
 -1.5094860521042084 [0.6390246888583568, 0.9527573667113931, 0.43334241984499544] 0.003200233522628135 -0.8766891177814873 -13.93096356913722
 -1.509486132264529 [0.7886104707629962, 0.9348633076293958, 0.44808965569691717] 0.004411971302539534 -0.874083479948118 -13.92737207639399
 -1.5094862124248496 [0.8493016997942349, 0.9307051311245604, 0.4509778388997913] 0.004366405234011551 -0.8736672839441478 -13.936459302191551
 -1.5094862925851704 [14.876619695168632, 0.5974142547037218, 0.41272385314459376] 0.0002468520746866614 -0.8731395136432744 -13.9429234198649
 -1.509486372745491 [0.7996532017848235, 0.9338623956685802, 0.44881096991764324] 0.0026119088062419677 -0.8709263211395829 -13.944614175797575
 -1.5094864529058116 [0.5481417601891109, 0.8942468934657026, 0.41463523631295374] 0.0005490160770902637 -0.8713170572874086 -13.939883455569365
 -1.5094865330661322 [1.6014364120091358, 0.8802958129718879, 0.4407043225360032] 0.002100200963382158 -0.8721059079431095 -13.953678641081753
 -1.5094866132264528 [1.6262690248983587, 0.8791750383036452, 0.44008127420206744] 0.003949276927239301 -0.8691309762906915 -13.944935802428274
 -1.5094866933867734 [0.5105061824964291, 0.9044347964116347, 0.4145278753848244] 0.0007723315508856509 -0.8716682822429739 -13.955918641656787
 -1.5094867735470943 [0.822386977888606, 0.9317918654511442, 0.4501665436037519] 0.002506872286870289 -0.8695045584947789 -13.949170081965688
 -1.5094868537074149 [10.107721930130497, 0.5586205553091818, 0.4057680931763291] 0.00021307524058886192 -0.8710014433288505 -13.954160401216015
 -1.5094869338677355 [0.8542820214267789, 0.9301997780613872, 0.45122046759919837] 0.004155591813323913 -0.8691526571593722 -Inf
 -1.509487014028056 [0.7670862119220769, 0.9366519212657062, 0.44661590033891735] 0.0027531471243249406 -0.8703495532033584 -13.963624959201075
 -1.5094870941883767 [0.5598549641219636, 0.9603492169759685, 0.42286995213004325] 0.0026178483351273997 -0.8701121366721185 -13.955488533057395
 -1.5094871743486975 [0.8785712536430899, 0.9266754870947059, 0.45276863922002875] 0.0029303495201587993 -0.8695893213966431 -13.964493704426411
 -1.509487254509018 [1.1022395115132397, 0.9084149541806591, 0.4539034218766996] 0.004319672920692491 -0.8714681316511176 -13.9617867856157
 -1.5094873346693387 [0.39524494813243005, 0.9605724692290406, 0.38460753764652195] -0.00022460353004987607 -0.870819266955217 -13.963613907374024
 -1.5094874148296593 [1.4327216679226398, 0.8890602153303274, 0.4459187542139239] 0.0013019664055160258 -0.873012876663886 -13.978415420696432
 -1.50948749498998 [0.9084340619935632, 0.9239815238866914, 0.453731261844929] 0.0031346766430574015 -0.8737067150593638 -13.97330884978754
 -1.5094875751503005 [0.7632570671376083, 0.9369219960454163, 0.44635189388053814] 0.003743181334866673 -0.870762172648778 -13.972304776400573
 -1.5094876553106213 [0.8017314644295102, 0.9335846655466503, 0.448976107857973] 0.002765323641306739 -0.8723764578737695 -13.964833636454921
 -1.509487735470942 [1.0327989208136117, 0.9134726180787985, 0.4549050803272162] 0.0027838275498907887 -0.8718690200781689 -Inf
 -1.5094878156312626 [12.087116038419802, 0.5586032668306778, 0.4083641033825989] 0.0005215953597000316 -0.8759597491521601 -13.983719720777845
 -1.5094878957915832 [0.6031627619273757, 0.9563240110900556, 0.4289022386113817] 0.0029215544828207723 -0.8742977553176144 -13.968055876229405
 -1.5094879759519038 [1.9657105766897016, 0.8613554983330621, 0.4295768151989708] 0.0005292380861836513 -0.8766411622636893 -13.982669044282423
 -1.5094880561122244 [1.3916509070585614, 0.891007959220974, 0.44691114722264613] 0.0012211465266052709 -0.8765700352359816 -13.970491797236168
 -1.5094881362725452 [0.9547300621997763, 0.9205339649216872, 0.4543471877256422] 0.004669904771062073 -0.8773094314129148 -13.977656481168184
 -1.5094882164328658 [1.212298157844027, 0.9008555787724253, 0.45157135849421937] 0.001823443772755236 -0.8771278006636473 -13.983498110845897
 -1.5094882965931864 [1.3618938584837286, 0.8920565539519919, 0.44716561647612013] 0.0031898158577767185 -0.8773925587426943 -13.981516388404252
 -1.509488376753507 [0.3980229552108536, 0.9614388172002312, 0.38579043406530317] 0.0004975438226111849 -0.8782947925186567 -13.981997378151254
 -1.5094884569138276 [1.1141479755488988, 0.9073768186382564, 0.45383964691400513] 0.0023845202056916844 -0.8788337414702441 -13.984856040501155
 -1.5094885370741482 [0.5884045028248367, 0.9445751231369897, 0.4288733570982912] 0.0008041104458723139 -0.8784264607614252 -13.985279690799672
 -1.509488617234469 [1.7565591523854533, 0.8732243318348665, 0.43671583580121953] 0.001574558635683832 -0.8810667966642344 -13.98377540509919
 -1.5094886973947896 [1.2268518547282958, 0.8999267342585501, 0.45100989211422765] 0.0023862173302291543 -0.8814064273240978 -13.979208732750818
 -1.5094887775551102 [1.214320737315414, 0.9007200349315087, 0.45134819515078284] 0.003835709896281993 -0.882509669042682 -Inf
 -1.5094888577154308 [1.6505152168526676, 0.8779779345651115, 0.43937410614154243] 0.0017854514870785797 -0.8845803280813368 -13.991914438099704
 -1.5094889378757514 [0.5558967521361933, 0.9416358418923717, 0.4246558411788367] 0.0006559661039655352 -0.8854818779159969 -13.985847879583584
 -1.509489018036072 [1.0321670083157612, 0.9135117590825029, 0.45491803172199063] 0.002724242060862784 -0.8873604125064104 -13.988268298382316
 -1.5094890981963929 [0.36696004344395683, 0.933701910082586, 0.3695082176056374] 0.0003105201699361523 -0.8860691148136786 -13.987145382587098
 -1.5094891783567135 [1.1060041532818108, 0.90813588758107, 0.4538381355915288] 0.003855455012155528 -0.8872216858715932 -13.98681664454038
 -1.509489258517034 [0.9560864807929614, 0.9197746958354212, 0.4546998713222713] 0.0029407655919617744 -0.8889040214737642 -13.999234508845051
 -1.5094893386773547 [0.6731036863919746, 0.9492273120158158, 0.4371607709838636] 0.003337872475312313 -0.8898897211717126 -13.982301822095332
 -1.5094894188376753 [0.8724282215144801, 0.9271522721830717, 0.45257355818167755] 0.0033317873051178595 -0.8889457040313969 -13.983257065491765
 -1.509489498997996 [0.913526683719009, 0.9243689693064834, 0.4534626865662763] 0.004370891080120099 -0.8919857254756267 -13.985534623914731
 -1.5094895791583167 [15.012887701182239, 0.5760290327749934, 0.41272243649448953] 7.793496732394754e-5 -0.8927711353172003 -13.989798000639555
 -1.5094896593186373 [0.6774270334699746, 0.9427909376047365, 0.43895963229682616] 0.002546298649262349 -0.8927165437222747 -13.989310933927461
 -1.509489739478958 [1.255294010433807, 0.8981672471611941, 0.4502204616235455] 0.003190541069059455 -0.8955117546336081 -13.990464861594342
 -1.5094898196392785 [0.7324946088861484, 0.9429441745137721, 0.4429301381795558] 0.00360272311651216 -0.8960063165854414 -13.991854723774086
 -1.5094898997995991 [0.44668118253713457, 0.9667356008472486, 0.4013802094951888] 0.0007165172226966775 -0.8965892103284352 -13.981010452902197
 -1.5094899799599197 [0.3779151728553317, 0.9500335368194464, 0.37606735501183786] 0.0022361367384859054 -0.896394105217792 -13.984605190782961
 -1.5094900601202406 [0.3819561220362141, 0.9534811862301203, 0.37826974590798346] 0.00011370582444683335 -0.897716739316653 -13.989748705178528
 -1.5094901402805612 [0.47643923504339236, 0.9661263906501707, 0.4082481645987745] 0.0010532987210098823 -0.9008715530051544 -13.989042701918187
 -1.5094902204408818 [0.7942670123973002, 0.9363960866968407, 0.44774644464981334] 0.003619895265524627 -0.8999610337604037 -13.97831451892263
 -1.5094903006012024 [1.43235211965776, 0.8883344628781222, 0.4451473818638295] 0.0030981988156316884 -0.9022275483187623 -13.989159516358553
 -1.509490380761523 [0.7624163462571791, 0.9367529411936816, 0.44636967566099317] 0.002672962845029971 -0.9042748705391619 -13.99725522497199
 -1.5094904609218436 [0.4393400009707802, 0.7174477070245754, 0.38359742959919846] 0.0005391568533682694 -0.9049983498448609 -13.990774410245368
 -1.5094905410821644 [0.9958852038331121, 0.9168977939460754, 0.4547312754070827] 0.0038131830361131857 -0.9058700119570272 -13.994390797053837
 -1.509490621242485 [0.9308794589973183, 0.9219317240101021, 0.45430012471962206] 0.002887786717830704 -0.9071016832001091 -14.002564262572342
 -1.5094907014028056 [0.6942171204649146, 0.9470049519298186, 0.4393392227682751] 0.003584019462742291 -0.909057112875602 -13.994522489562145
 -1.5094907815631262 [0.9239947904027835, 0.92253087135418, 0.454156263762344] 0.0026689398537199766 -0.9083455407651809 -13.989089770581275
 -1.5094908617234468 [0.9785428175319334, 0.91840492642499, 0.45462709390151523] 0.0039779773938636975 -0.9109514614682196 -13.985268196998776
 -1.5094909418837676 [1.1980250659042846, 0.6395183353171351, 0.39208832178911246] -1.8488029417797164e-5 -0.9103047890997046 -13.996131381417998
 -1.5094910220440882 [0.7198563986884193, 0.9399533921594257, 0.4429614884019722] 0.0025412881853257175 -0.9139217799305754 -13.992571555162662
 -1.5094911022044089 [1.2635485380718503, 0.8976648601518956, 0.4499855735200429] 0.0029771025220216994 -0.9149455159556827 -13.999207324192229
 -1.5094911823647295 [0.6858634584081007, 0.947884708667556, 0.4384947516467058] 0.003558430528065692 -0.9151314773697311 -13.995518313483148
 -1.50949126252505 [0.38744694550196074, 0.9569238598610842, 0.3810561656505939] 0.0006048565817436191 -0.917207830969522 -Inf
 -1.5094913426853707 [0.3636147994981774, 0.7725232235763773, 0.3769641118006165] 7.448977940115753e-5 -0.9179386661843831 -Inf
 -1.5094914228456915 [6.913655522859641, 0.5545882063303719, 0.40294918949261593] -7.249451238507294e-5 -0.9197246817537403 -13.998118867816707
 -1.509491503006012 [0.5301321198602009, 0.6937928829662505, 0.3863265149822226] 0.0018673709532197329 -0.9192091373938492 -13.998642585168527
 -1.5094915831663327 [0.368469834670952, 0.9366062002282334, 0.3704743371539395] 0.0007253955812919204 -0.9213436512148182 -14.001203385264137
 -1.5094916633266533 [0.5769296028429435, 0.9587899885450893, 0.4253481711462726] 0.0030869188840261233 -0.9202936969042594 -13.992895348701134
 -1.509491743486974 [1.0488794747287666, 0.912509876892926, 0.4545967033753302] 0.0039924660088859155 -0.9241472266111768 -13.996132792587014
 -1.5094918236472945 [0.5514616364537881, 0.9387530042438932, 0.42431375928384063] 0.0004859680576879742 -0.9236296330492205 -13.99131414349712
 -1.5094919038076153 [1.3957518390770243, 0.8909542279787344, 0.4469564851392881] 0.0009603068560716929 -0.9256295304713956 -13.99673809756221
 -1.509491983967936 [0.6536873811522801, 0.9512378058002786, 0.43503486966190874] 0.003916386100365687 -0.9253912187226563 -13.992132439507797
 -1.5094920641282565 [0.560992724537474, 0.9402376725810621, 0.4256034085584099] 0.0003338835243289338 -0.9266217456576341 -13.995009858296134
 -1.5094921442885771 [0.3594946174099049, 0.9067158414941298, 0.36563279902876983] 0.0006415730565256661 -0.9283284581082762 -13.989903016252805
 -1.5094922244488977 [1.147572319419151, 0.8686906158329912, 0.42238953682822716] 0.0007159487885252399 -0.9311675351019093 -13.999186313554748
 -1.5094923046092183 [0.3726292801109539, 0.9435888380735223, 0.3730150191290805] 0.0015614128563411465 -0.9311452935365712 -13.984746785603065
 -1.5094923847695392 [0.6801319500728294, 0.9422177704267027, 0.4393303298068364] 0.0019211163110077112 -0.9317212084448279 -13.987233962126163
 -1.5094924649298598 [0.8606139607481073, 0.9295569398544755, 0.45151916312114304] 0.004097240467561865 -0.9353220142348558 -Inf
 -1.5094925450901804 [0.5874558580503494, 0.6833682871297404, 0.38752249325190935] 0.0001362456652734088 -0.9352720504066242 -Inf
 -1.509492625250501 [0.8412866963444697, 0.929835090317165, 0.4512619684698349] 0.0026074682525163277 -0.935280154915037 -13.987938137368886
 -1.5094927054108216 [1.805036840507513, 0.8628240244210509, 0.4286740022944371] 0.0015885458290217063 -0.9351941424551516 -13.9829572081692
 -1.5094927855711422 [0.994305441210889, 0.9170324373084496, 0.45472585200067095] 0.0055904408298920955 -0.9370824934549089 -13.989751597967535
 -1.509492865731463 [0.6982242957195625, 0.9465776759292734, 0.4397380052001993] 0.00564834439766234 -0.9379954230687588 -13.981926244237565
 -1.5094929458917836 [0.5247664842825839, 0.9631849898589248, 0.4173196677258122] 0.002223712633076319 -0.939473486343445 -13.982496155276065
 -1.5094930260521042 [0.4826680799983472, 0.9658201827831092, 0.4095413808976786] 0.0007414404320798314 -0.941312336162523 -13.984307948505883
 -1.5094931062124248 [0.5528253659548014, 0.9609245268966998, 0.4218158410300962] 0.0020272009679308963 -0.944343273014537 -Inf
 -1.5094931863727454 [0.7560082727598023, 0.94043865822242, 0.4449097498335518] 0.0041638262913266865 -0.9452014666320506 -13.986090902406591
 -1.509493266533066 [1.0882384606076756, 0.9094564489092752, 0.4541301896531563] 0.0035986418775881377 -0.9454781804903918 -13.990579482642863
 -1.5094933466933869 [0.5570192576166028, 0.90093083952475, 0.41877267617969094] 0.0029211800019693663 -0.9454412799246664 -13.987385961711162
 -1.5094934268537075 [0.9570296284340873, 0.9196374617153389, 0.4547468230484456] 0.002715235979644774 -0.9492240882000823 -13.997621323879288
 -1.509493507014028 [0.35803927044066164, 0.8971727728133918, 0.36534038647442413] 0.0005881862374121549 -0.9490376661243816 -13.994706293000855
 -1.5094935871743487 [0.990961702912568, 0.9173205019790357, 0.4547108455230238] 0.0037900539552861478 -0.9497722624773944 -13.990664308669933
 -1.5094936673346693 [0.7965816765330594, 0.9336989952245291, 0.4487823036200585] 0.002476376296239844 -0.9507494855346771 -13.997519133804603
 -1.5094937474949899 [0.4121248671898655, 0.9643889959043781, 0.3911683720883278] 3.600817674623522e-5 -0.9512657117845614 -13.989008437063076
 -1.5094938276553107 [0.5312641972105159, 0.9089863649567304, 0.41891968503782107] 0.0007429680477587634 -0.954649140134763 -13.98311180394457
 -1.5094939078156313 [0.364681092403234, 0.92713552970639, 0.36822606204652525] -0.00010377098782607222 -0.9558288661830298 -13.998942090569335
 -1.509493987975952 [0.5474813281187425, 0.9362550574584848, 0.4239488984571642] 0.0031039258271584806 -0.9547675364599324 -13.986513204713658
 -1.5094940681362725 [0.552329834519333, 0.9609620719360628, 0.4217409575285216] 0.0018489936687163591 -0.9564774699508117 -13.985510824740905
 -1.5094941482965931 [1.0625687501540846, 0.9111380460055724, 0.4546742228793089] 0.002437972337801048 -0.9598012096544201 -13.992647353277425
 -1.5094942284569137 [1.6687975005785731, 0.8767873173987841, 0.4385740965679451] 0.0016344994032850642 -0.9603757642190234 -13.991651470479736
 -1.5094943086172345 [0.6125344386151268, 0.9553855716225566, 0.43011213832157164] 0.003591047054007954 -0.9589886155476429 -13.980082283580035
 -1.5094943887775552 [7.867466030330348, 0.5451441790496598, 0.40456667155452103] 0.0006867384641984591 -0.9626525399325738 -13.989087899161724
 -1.5094944689378758 [0.9599574244101904, 0.9193771943967614, 0.45478903275714233] 0.0026361684177817427 -0.9635711391246585 -13.991740631645161
 -1.5094945490981964 [0.6035346729438902, 0.942879983037614, 0.43109212783347806] 0.0011288878659830373 -0.9639933826524606 -13.985787601811868
 -1.509494629258517 [1.689218198615827, 0.8637568140906491, 0.4278222798801251] 0.00038076879520444615 -0.9660508744910391 -13.990063753217083
 -1.5094947094188376 [1.4155952842535868, 0.8891597992053214, 0.445586954944209] 0.0022549695386415215 -0.9673830214195196 -13.986559210964845
 -1.5094947895791584 [1.2984221764993225, 0.8955932583462642, 0.4489796286335448] 0.0033070153948499886 -0.9686355164694068 -13.98053927952122
 -1.509494869739479 [1.4403946112659374, 0.887877098848527, 0.44487781593225795] 0.0026363769900481318 -0.9688888810804301 -13.980841926098535
 -1.5094949498997996 [1.4435193002804754, 0.8656025204294883, 0.4255408848082652] 0.0002686142551601651 -0.9714731809576487 -13.992205071532558
 -1.5094950300601202 [0.6245592360051565, 0.9432046333868521, 0.4335555593346027] 0.000875241460699882 -0.9717515077880421 -13.981294767438266
 -1.5094951102204408 [0.9883603693533659, 0.9169970641833632, 0.45500893291186345] 0.0026808475315428 -0.9717974301229826 -13.986311502952152
 -1.5094951903807616 [2.1152756386599663, 0.6051213101538298, 0.3958812168179763] 0.001371624422364437 -0.9711085500119991 -Inf
 -1.5094952705410822 [0.6336090068707483, 0.953280534188918, 0.43270696842979156] 0.0028167948623523367 -0.9750064850907895 -13.985305435673443
 -1.5094953507014028 [1.690148933207048, 0.87564542879496, 0.4378718636100766] 0.0014165861016260518 -0.9761746488491707 -13.993924806931036
 -1.5094954308617234 [1.0499525899344038, 0.9120935591573133, 0.4548144792559999] 0.002273557747649198 -0.9766256237144403 -13.983232457535525
 -1.509495511022044 [0.5146530465697333, 0.963900381358204, 0.4155812106581296] 0.0016207507175164384 -0.9774802445093234 -13.981649854014771
 -1.5094955911823646 [0.5273212813180596, 0.9145206491736785, 0.419849044109202] 0.000631661494776472 -0.9790698749596981 -13.97862911297614
 -1.5094956713426855 [0.356235405553009, 0.7983755116166167, 0.3738955425548297] 0.0003231219888561016 -0.9794436336225663 -13.989378167294504
 -1.509495751503006 [1.6918574631643915, 0.8755195370157127, 0.4377841855557521] 0.001177578539575837 -0.9819967310647698 -13.985005205971701
 -1.5094958316633267 [0.3546007019872037, 0.8181093850303143, 0.37142915065951787] 0.0005857333295880419 -0.9850404698905054 -Inf
 -1.5094959118236473 [0.5261994525025968, 0.922694370034101, 0.4207978801774901] 0.001352232242071578 -0.9844473188813747 -13.979430781435557
 -1.5094959919839679 [0.5440215236488095, 0.9616497548211594, 0.4204555118889379] 0.0010450696763722714 -0.9839527735911421 -13.979624212317773
 -1.5094960721442885 [1.0953191466992787, 0.9087131392820454, 0.454214618745769] 0.00383144535685224 -0.9849172999104847 -13.986185584060829
 -1.5094961523046093 [1.7978566806469958, 0.8686616063590235, 0.43332666102253503] 0.0004814888763396646 -0.9873714758762798 -13.984159887741168
 -1.50949623246493 [0.6714042300665521, 0.949390961590123, 0.43698357656417297] 0.00433419007766153 -0.9881406466660646 -13.982102326249105
 -1.5094963126252505 [0.5118682575205262, 0.6930153588639053, 0.38665187363510545] 0.0003407863545880938 -0.9911768397516818 -13.989229459487241
 -1.5094963927855711 [1.0044960247219468, 0.915670805043532, 0.4550462117505892] 0.0024998556072705087 -0.9913139702945866 -13.984568875829206
 -1.5094964729458917 [0.6201813675508053, 0.9428333878785753, 0.433118052261834] 0.00024117082407650666 -0.9903258150437825 -Inf
 -1.5094965531062123 [1.7866294452942473, 0.8663238903751022, 0.43121503783451165] 4.978931098709568e-5 -0.9932324468889898 -13.985983217486837
 -1.5094966332665332 [1.2568235226803313, 0.8980598789089879, 0.4501681020229271] 0.0030867849272790734 -0.9943021422818947 -13.98921344239039
 -1.5094967134268538 [1.0923958725904943, 0.9091415202784435, 0.4540663669502975] 0.0036734235547004578 -0.9956747361092804 -13.98284868786228
 -1.5094967935871744 [1.0783653636795543, 0.9102041470821521, 0.4542726101644725] 0.0035565631896600806 -0.9971910258594537 -13.983995856292806
 -1.509496873747495 [1.1977680416794898, 0.9017765186627885, 0.45177994966173607] 0.0037284519298094905 -0.9968516353678941 -13.968739862792978
 -1.5094969539078156 [1.66467542126789, 0.8767768582879428, 0.4384966888842835] 0.001415727823171451 -0.9983998479631218 -13.983179793672013
 -1.5094970340681362 [0.5555482803398063, 0.9362460992940284, 0.4252299340272857] 0.001202043923177587 -0.9988207329992983 -13.974924807038487
 -1.509497114228457 [0.8897807809384563, 0.9254283261860691, 0.45328162558421176] 0.002608184793589714 -0.9996125456773118 -13.99164208332559
 -1.5094971943887776 [4.49951979739839, 0.8351423087301842, 0.43307733923600644] -0.0011197979024692771 -1.0022407425747968 -13.991546161570438
 -1.5094972745490982 [0.48799209958895795, 0.9655209576960404, 0.41061497062042324] 0.0008585878651114898 -1.0022419753147829 -13.973997201611239
 -1.5094973547094188 [1.1927932115886883, 0.902101333066643, 0.45190841307006024] 0.002937378396271631 -1.0027563716242998 -Inf
 -1.5094974348697394 [0.8101749916814595, 0.9323903259392203, 0.44966595687361854] 0.002732189915880306 -1.0063632916264682 -13.975870801754345
 -1.50949751503006 [0.36124513338081304, 0.9142695355862801, 0.3664762780175458] 0.0007990611911135752 -1.0051988052593233 -13.973300890664646
 -1.5094975951903808 [1.208602140989365, 0.9010737397482893, 0.4514945714642731] 0.003168188922153892 -1.0084930414754993 -13.975465044193465
 -1.5094976753507015 [1.1156357379631643, 0.9072640614183738, 0.45385789592989556] 0.0024268350612966054 -1.00836521346146 -13.976792973672563
 -1.509497755511022 [0.7879291766860133, 0.9370560024951173, 0.4473131263574442] 0.003813698289316065 -1.011181617816267 -13.97135994199052
 -1.5094978356713427 [0.910189701203159, 0.9236262216772195, 0.4538861543509397] 0.00412977969810468 -1.006792210067546 -13.978913756447394
 -1.5094979158316633 [0.7863286037694084, 0.9372244721232026, 0.44720070209068724] 0.0038264652524684657 -1.0090318421304616 -13.979655447748554
 -1.5094979959919839 [1.1107927099468609, 0.907605237799959, 0.4539502039236697] 0.002345930638357731 -1.0121836086114075 -13.97539320741126
 -1.5094980761523047 [1.1947790639642077, 0.9019702814932863, 0.4518568249718888] 0.0037203218112852247 -1.0129831976145194 -13.978078733270962
 -1.5094981563126253 [0.35928799224348185, 0.9041435652323717, 0.3657565381707669] 0.00017681433275084553 -1.0137515043267031 -13.980036220223173
 -1.509498236472946 [0.7885380522645201, 0.9341789147220804, 0.44834133838881646] 0.002439695707836265 -1.0155807970616422 -13.984451907516561
 -1.5094983166332665 [1.136557119501507, 0.9059271293937258, 0.45324146706635354] 0.0033122884021276945 -1.0157883900494922 -13.981839498222572
 -1.509498396793587 [0.44527366406986546, 0.9665948583618804, 0.40103197725093326] 0.002772665040587965 -1.014119380365557 -13.967352142064406
 -1.5094984769539077 [1.6023641750204825, 0.8831196627158422, 0.4434861374414948] 0.0007977046521783387 -1.0191049295536616 -13.976512193560055
 -1.5094985571142285 [0.7908884130549221, 0.9339724388908839, 0.44849829380233036] 0.0025924481649416973 -1.0200297018778526 -13.980615557401407
 -1.5094986372745491 [0.7855259773183758, 0.8832404674290114, 0.42237075463617035] 0.0006675056513629633 -1.0203127841586113 -13.981458950726031
 -1.5094987174348697 [1.1914574529188078, 0.9021873947019098, 0.4519420735974792] 0.002751078997110322 -1.0205761307489105 -13.97205278388476
 -1.5094987975951903 [0.9145827500065447, 0.9242632485791401, 0.45349613151608237] 0.003728195887572023 -1.0207586237873139 -13.967111565863028
 -1.509498877755511 [0.7707669008881943, 0.9388676523348077, 0.44606376058978847] 0.0035932968307397254 -1.0221737082262725 -13.969484708112718
 -1.5094989579158318 [0.7119365435677046, 0.9451168813092393, 0.44106331512025104] 0.0035296212831452413 -1.0236018482055966 -13.967863767336121
