 -1.8 0.32000000000000006 0.00045279931611982827
 -1.7951515151515152 0.31854467849601 0.00036172332160014446
 -1.7999999999999998 0.31854467849601 -0.3347300117843138
 -1.7903030303030303 0.31709576326472566 0.0013549863913977999
 -1.795151515151515 0.31709576326472566 -0.3324529158441629
 -1.7999999999999996 0.31709576326472566 -0.3357867500154829
 -1.7854545454545454 0.3156532543061469 -0.0004208894283236292
 -1.79030303030303 0.3156532543061469 -0.331180550945405
 -1.7951515151515147 0.3156532543061469 -0.33284868895518466
 -1.7999999999999994 0.3156532543061469 -0.336265507897158
 -1.7806060606060605 0.31421715162027375 -0.0002567113719497877
 -1.7854545454545452 0.31421715162027375 -0.3295229605659405
 -1.7903030303030298 0.31421715162027375 -0.3317975195676011
 -1.7951515151515145 0.31421715162027375 -0.33412527826042077
 -1.7999999999999992 0.31421715162027375 -0.33659059378347816
 -1.7757575757575759 0.31278745520710627 0.0015187782233001157
 -1.7806060606060605 0.31278745520710627 -0.32833161727638355
 -1.7854545454545452 0.31278745520710627 -0.3306880002763862
 -1.7903030303030298 0.31278745520710627 -0.33227735828379956
