 -1.705 0.2926517650462963 -0.004207965412879482
 -1.7052261306532663 0.2926517650462963 0.008138906496881907
 -1.7054522613065326 0.2926517650462963 0.006524111227003303
 -1.705678391959799 0.2926517650462963 0.0016006566279209249
 -1.7059045226130654 0.2926517650462963 -0.007508764424373794
 -1.7061306532663316 0.2926517650462963 -0.0037886737257853526
 -1.7063567839195979 0.2926517650462963 -0.0016182995631977045
 -1.7065829145728642 0.2926517650462963 0.006450475523348873
 -1.7068090452261306 0.2926517650462963 -0.00047493730414236465
 -1.707035175879397 0.2926517650462963 -0.002985724634781377
 -1.7072613065326632 0.2926517650462963 -0.004602876554616133
 -1.7074874371859297 0.2926517650462963 0.009924568833993104
 -1.707713567839196 0.2926517650462963 0.0007943176616515313
 -1.7079396984924622 0.2926517650462963 0.0092453632326368
 -1.7081658291457285 0.2926517650462963 0.0023244643541495595
 -1.7083919597989947 0.2926517650462963 -0.010447979498954528
 -1.7086180904522612 0.2926517650462963 0.005362300283188344
 -1.7088442211055275 0.2926517650462963 0.0004010045952609353
 -1.7090703517587937 0.2926517650462963 0.0033873739134336806
 -1.7092964824120602 0.2926517650462963 -0.0023531700426388043
 -1.7095226130653265 0.2926517650462963 0.0002798222009920796
 -1.7097487437185928 0.2926517650462963 -0.0006232576701176896
 -1.709974874371859 0.2926517650462963 -0.00199194387726702
 -1.7102010050251253 0.2926517650462963 0.005165159747376775
 -1.7104271356783918 0.2926517650462963 0.0013127771790852004
 -1.710653266331658 0.2926517650462963 -0.005201738821261136
 -1.7108793969849243 0.2926517650462963 -0.0002445685999457413
 -1.7111055276381908 0.2926517650462963 -0.0024489591222042976
 -1.711331658291457 0.2926517650462963 -0.007626375173853201
 -1.7115577889447233 0.2926517650462963 -0.005275982279399957
 -1.7117839195979896 0.2926517650462963 0.005417934442423261
 -1.7120100502512559 0.2926517650462963 0.0021906146224541776
 -1.7122361809045223 0.2926517650462963 -0.007748981206541456
 -1.7124623115577886 0.2926517650462963 0.0021054315854028803
 -1.7126884422110549 0.2926517650462963 0.009299650374982019
 -1.7129145728643214 0.2926517650462963 -0.008533868076185076
 -1.7131407035175876 0.2926517650462963 -0.0011976356853925293
 -1.713366834170854 0.2926517650462963 -0.004292684114414703
 -1.7135929648241202 0.2926517650462963 -0.0012626522721337523
 -1.7138190954773864 0.2926517650462963 -0.0042169449917521815
 -1.714045226130653 0.2926517650462963 0.0031556359258506656
 -1.7142713567839192 0.2926517650462963 -0.0016824804511214137
 -1.7144974874371854 0.2926517650462963 0.004658914624210674
 -1.714723618090452 0.2926517650462963 0.008023442563834065
 -1.7149497487437182 0.2926517650462963 -0.0014476832471020926
 -1.7151758793969845 0.2926517650462963 0.007023588529507679
 -1.7154020100502507 0.2926517650462963 -0.0026059545324560104
 -1.715628140703517 0.2926517650462963 0.00981444304082429
 -1.7158542713567835 0.2926517650462963 0.00011954703005674209
 -1.7160804020100497 0.2926517650462963 0.005881424577801562
 -1.716306532663316 0.2926517650462963 -0.0007186924835840195
 -1.7165326633165825 0.2926517650462963 -0.01116345544155047
 -1.7167587939698488 0.2926517650462963 -0.004152171619231526
 -1.716984924623115 0.2926517650462963 -0.011700766525199784
 -1.7172110552763813 0.2926517650462963 0.002876460840039669
 -1.7174371859296476 0.2926517650462963 -0.00950074062104067
 -1.717663316582914 0.2926517650462963 0.0010579147464934216
 -1.7178894472361803 0.2926517650462963 0.007207192278096794
 -1.7181155778894466 0.2926517650462963 0.012583833822757762
 -1.718341708542713 0.2926517650462963 0.003884942099666355
 -1.7185678391959793 0.2926517650462963 -0.00413450022458158
 -1.7187939698492456 0.2926517650462963 -0.0022838756562899333
 -1.7190201005025119 0.2926517650462963 -0.011890420577817737
 -1.7192462311557781 0.2926517650462963 0.0043129497267452846
 -1.7194723618090446 0.2926517650462963 -0.005170096371576266
 -1.7196984924623109 0.2926517650462963 0.012212296551090652
 -1.7199246231155771 0.2926517650462963 0.00311879733871291
 -1.7201507537688436 0.2926517650462963 -0.31243149409998966
 -1.72037688442211 0.2926517650462963 -0.309328192677197
 -1.7206030150753762 0.2926517650462963 -0.30927576857513
 -1.7208291457286424 0.2926517650462963 -0.3094071503132947
