 -1.75 0.3052996106902357 -0.0008047912203706438
 -1.7497738693467337 0.30523467409531024 -0.0030210527397756975
 -1.75 0.30523467409531024 -0.0020095679802882437
 -1.7495477386934672 0.3051697514355528 0.0037958042775911114
 -1.7497738693467335 0.3051697514355528 0.004506810918108309
 -1.7499999999999998 0.3051697514355528 -0.00518422886879642
 -1.749321608040201 0.3051048427109635 -0.008616211448716991
 -1.7495477386934672 0.3051048427109635 -0.001792459037612973
 -1.7497738693467335 0.3051048427109635 -0.008143981002310181
 -1.75 0.3051048427109635 -0.0026027710231760178
 -1.7490954773869347 0.3050399479215422 -0.003829891301886519
 -1.749321608040201 0.3050399479215422 -0.007160971874777154
 -1.7495477386934672 0.3050399479215422 0.009963327303178872
 -1.7497738693467335 0.3050399479215422 0.0016760669566600508
 -1.75 0.3050399479215422 -0.00892843534590732
 -1.7488693467336685 0.30497506706728905 0.0011992310025610961
 -1.7490954773869347 0.30497506706728905 -0.008055444981808442
 -1.749321608040201 0.30497506706728905 -0.0016854330599229321
 -1.7495477386934675 0.30497506706728905 -0.0012257711546895828
 -1.7497738693467337 0.30497506706728905 -0.009188081565869661
 -1.75 0.30497506706728905 -0.0018193826252680897
 -1.748643216080402 0.3049102001482039 -0.0012020323141899323
 -1.7488693467336682 0.3049102001482039 0.0002957898048592721
 -1.7490954773869345 0.3049102001482039 0.001633354727382591
 -1.749321608040201 0.3049102001482039 0.004123319104886987
 -1.7495477386934672 0.3049102001482039 -0.0033411698810486856
 -1.7497738693467335 0.3049102001482039 0.001779688896766852
 -1.7499999999999998 0.3049102001482039 0.005253677130387404
 -1.7484170854271357 0.3048453471642869 0.00035246749013848934
 -1.748643216080402 0.3048453471642869 0.004970897776422806
 -1.7488693467336682 0.3048453471642869 0.0028126248670680815
 -1.7490954773869345 0.3048453471642869 0.004728618867456696
 -1.749321608040201 0.3048453471642869 0.007131436242427011
 -1.7495477386934672 0.3048453471642869 0.0022435889239723664
 -1.7497738693467335 0.3048453471642869 0.009237648069253533
 -1.75 0.3048453471642869 -0.009549540983439903
 -1.7481909547738694 0.3047805081155379 0.0053456790759745364
 -1.7484170854271357 0.3047805081155379 -0.006076396113194875
 -1.748643216080402 0.3047805081155379 0.0019483317825031519
 -1.7488693467336685 0.3047805081155379 -0.0033019603706268084
 -1.7490954773869347 0.3047805081155379 -0.0006731577491030571
 -1.749321608040201 0.3047805081155379 0.0021408462332084648
 -1.7495477386934672 0.3047805081155379 0.006793947722645589
 -1.7497738693467335 0.3047805081155379 0.008538211041453364
 -1.75 0.3047805081155379 -0.0009814140462431826
 -1.747964824120603 0.30471568300195706 -0.005590078288841055
 -1.7481909547738692 0.30471568300195706 0.0001652805835168716
 -1.7484170854271355 0.30471568300195706 -0.003096446762814985
 -1.748643216080402 0.30471568300195706 -0.005781967868137258
 -1.7488693467336682 0.30471568300195706 -0.005579230643245169
 -1.7490954773869345 0.30471568300195706 -0.005439786775113707
 -1.7493216080402008 0.30471568300195706 -0.0027454748800798865
 -1.749547738693467 0.30471568300195706 -0.0018589845362296034
 -1.7497738693467335 0.30471568300195706 -0.004471174653300712
 -1.7499999999999998 0.30471568300195706 -0.008153010621088539
 -1.7477386934673367 0.3046508718235442 0.0012565270451717395
 -1.747964824120603 0.3046508718235442 -0.001717826452720475
 -1.7481909547738692 0.3046508718235442 -0.004215182913239776
 -1.7484170854271355 0.3046508718235442 0.0011150540178984055
 -1.748643216080402 0.3046508718235442 0.005928219981946697
 -1.7488693467336682 0.3046508718235442 -0.007089377613332639
 -1.7490954773869345 0.3046508718235442 -0.0012784649913015903
 -1.749321608040201 0.3046508718235442 0.0010915003499567266
 -1.7495477386934672 0.3046508718235442 -0.005574725234409814
 -1.7497738693467335 0.3046508718235442 0.004837752194547806
 -1.7499999999999998 0.3046508718235442 1.3379270093510617e-6
 -1.7475125628140704 0.3045860745802994 -0.0034103950186182615
 -1.7477386934673367 0.3045860745802994 0.0068529062073138915
 -1.747964824120603 0.3045860745802994 0.004400948856184695
 -1.7481909547738694 0.3045860745802994 0.0006616749107714147
 -1.7484170854271357 0.3045860745802994 0.009416078228916394
 -1.748643216080402 0.3045860745802994 -0.0010254845095420586
 -1.7488693467336682 0.3045860745802994 -0.0006873503115803891
 -1.7490954773869345 0.3045860745802994 -0.009928649902666741
 -1.749321608040201 0.3045860745802994 -0.001992514210377433
 -1.7495477386934672 0.3045860745802994 -0.0041422636495427505
 -1.7497738693467335 0.3045860745802994 0.0044627986269443354
 -1.75 0.3045860745802994 0.006571105302071782
 -1.747286432160804 0.3045212912722227 0.006818162064168048
 -1.7475125628140702 0.3045212912722227 0.008701537483188903
 -1.7477386934673365 0.3045212912722227 0.00518894659964913
 -1.747964824120603 0.3045212912722227 -0.004551136963978502
 -1.7481909547738692 0.3045212912722227 0.0037269037068947547
 -1.7484170854271355 0.3045212912722227 0.0021347240066130046
 -1.7486432160804017 0.3045212912722227 0.0036771683926780374
 -1.748869346733668 0.3045212912722227 -0.007891146039220271
 -1.7490954773869345 0.3045212912722227 0.010045098352972466
 -1.7493216080402008 0.3045212912722227 0.006306896931913809
 -1.749547738693467 0.3045212912722227 0.002928684610543264
 -1.7497738693467335 0.3045212912722227 -0.0005620387529146189
 -1.7499999999999998 0.3045212912722227 0.002236111634131526
 -1.7470603015075377 0.30445652189931416 0.0003694293943826894
 -1.747286432160804 0.30445652189931416 0.006448147713164564
 -1.7475125628140702 0.30445652189931416 0.000488690529218288
 -1.7477386934673365 0.30445652189931416 0.009333183445933164
 -1.747964824120603 0.30445652189931416 0.003152982746336711
 -1.7481909547738692 0.30445652189931416 0.0005744928753232841
 -1.7484170854271355 0.30445652189931416 0.0038148799285198758
 -1.748643216080402 0.30445652189931416 -0.004502239684693568
 -1.7488693467336682 0.30445652189931416 -0.00126823327153753
 -1.7490954773869345 0.30445652189931416 -0.0017062408961888984
 -1.7493216080402008 0.30445652189931416 0.001000173608975687
 -1.749547738693467 0.30445652189931416 -0.0019114428176232108
 -1.7497738693467335 0.30445652189931416 0.0042554727282308365
 -1.7499999999999998 0.30445652189931416 0.0008407284265749049
 -1.7468341708542714 0.30439176646157373 -0.0009488375001605884
 -1.7470603015075377 0.30439176646157373 -0.0017785961108517851
 -1.747286432160804 0.30439176646157373 -0.0032327477676432014
 -1.7475125628140704 0.30439176646157373 -2.1301254888897245e-5
 -1.7477386934673367 0.30439176646157373 0.0014435320587499402
 -1.747964824120603 0.30439176646157373 0.004107442297198749
 -1.7481909547738692 0.30439176646157373 -0.008544957705982464
 -1.7484170854271355 0.30439176646157373 -0.003950764625195552
 -1.748643216080402 0.30439176646157373 -0.00035061092057650257
 -1.7488693467336682 0.30439176646157373 0.0019078724153680604
 -1.7490954773869345 0.30439176646157373 0.002020719126485751
 -1.749321608040201 0.30439176646157373 0.003644609074847157
 -1.7495477386934672 0.30439176646157373 0.007115100512071577
 -1.7497738693467335 0.30439176646157373 0.005766727414446718
 -1.7499999999999998 0.30439176646157373 0.000792396139000797
 -1.7466080402010051 0.3043270249590012 -0.001963772632338647
 -1.7468341708542714 0.3043270249590012 -0.001323496097867875
 -1.7470603015075377 0.3043270249590012 0.00702356445804456
 -1.747286432160804 0.3043270249590012 -0.005643746165190658
 -1.7475125628140704 0.3043270249590012 -0.0012295308911423907
 -1.7477386934673367 0.3043270249590012 -0.0010895602421836545
 -1.747964824120603 0.3043270249590012 -0.005382253001079089
 -1.7481909547738694 0.3043270249590012 -0.0010390490709472349
 -1.7484170854271357 0.3043270249590012 0.001149460725948436
 -1.748643216080402 0.3043270249590012 0.003111417843686462
 -1.7488693467336682 0.3043270249590012 0.007820455777039268
 -1.7490954773869345 0.3043270249590012 -0.008874811294722021
 -1.749321608040201 0.3043270249590012 0.006413769191100209
 -1.7495477386934672 0.3043270249590012 -0.0104636370067359
 -1.7497738693467335 0.3043270249590012 -0.006330890381650883
 -1.75 0.3043270249590012 -0.004967396438886143
 -1.7463819095477386 0.3042622973915968 -0.010636481172205003
 -1.746608040201005 0.3042622973915968 -0.0024165270774784728
 -1.7468341708542712 0.3042622973915968 -0.007050925442768076
 -1.7470603015075374 0.3042622973915968 -0.002403319277910687
 -1.747286432160804 0.3042622973915968 0.0046135544201543945
 -1.7475125628140702 0.3042622973915968 -0.006246789707768009
 -1.7477386934673365 0.3042622973915968 -0.0015826648589567472
 -1.747964824120603 0.3042622973915968 -0.0053504568789918975
 -1.7481909547738692 0.3042622973915968 -0.009133334301905839
 -1.7484170854271355 0.3042622973915968 0.008406163026154103
 -1.7486432160804017 0.3042622973915968 -0.009339000344355884
 -1.748869346733668 0.3042622973915968 -0.0027242526665534864
 -1.7490954773869345 0.3042622973915968 0.004554549278524831
 -1.7493216080402008 0.3042622973915968 0.007682668424841337
 -1.749547738693467 0.3042622973915968 -0.006427786732718775
 -1.7497738693467335 0.3042622973915968 0.002851073438293523
 -1.7499999999999998 0.3042622973915968 -0.0043959242385627605
 -1.7461557788944724 0.30419758375936057 -0.005192267585969124
 -1.7463819095477386 0.30419758375936057 0.002418885535999689
 -1.746608040201005 0.30419758375936057 -0.0051988607560370876
 -1.7468341708542714 0.30419758375936057 0.007449719447332084
 -1.7470603015075377 0.30419758375936057 -0.009848900641857726
 -1.747286432160804 0.30419758375936057 0.0025189916746184747
 -1.7475125628140702 0.30419758375936057 0.0012900007174864523
 -1.7477386934673365 0.30419758375936057 0.004837340323624769
 -1.747964824120603 0.30419758375936057 -0.001010798727620481
 -1.7481909547738692 0.30419758375936057 0.009389513344441873
 -1.7484170854271355 0.30419758375936057 0.007824943572854964
 -1.748643216080402 0.30419758375936057 0.000265199658546716
 -1.7488693467336682 0.30419758375936057 -0.0008319821577385432
 -1.7490954773869345 0.30419758375936057 -0.004685255115328443
 -1.7493216080402008 0.30419758375936057 -0.007666197509884644
 -1.749547738693467 0.30419758375936057 0.003495485511152712
 -1.7497738693467335 0.30419758375936057 -0.006115549145434035
 -1.7499999999999998 0.30419758375936057 -0.0006675039751462047
 -1.7459296482412061 0.30413288406229244 0.006965394852810808
 -1.7461557788944724 0.30413288406229244 -0.008977678887535749
 -1.7463819095477386 0.30413288406229244 -0.0012080004510994283
 -1.746608040201005 0.30413288406229244 -0.008716880787128187
 -1.7468341708542714 0.30413288406229244 0.010685589543123222
 -1.7470603015075377 0.30413288406229244 0.003754027231151009
 -1.747286432160804 0.30413288406229244 0.0015627757210687086
 -1.7475125628140704 0.30413288406229244 -0.007703661188944912
 -1.7477386934673367 0.30413288406229244 0.003161032046412567
 -1.747964824120603 0.30413288406229244 -0.0011044866432011339
 -1.7481909547738692 0.30413288406229244 -0.0008064908676353334
 -1.7484170854271355 0.30413288406229244 -0.0017313903773504688
 -1.748643216080402 0.30413288406229244 -0.0005662734886939567
 -1.7488693467336682 0.30413288406229244 0.00022691829593203457
 -1.7490954773869345 0.30413288406229244 -0.003029252204215986
 -1.749321608040201 0.30413288406229244 -0.002652460336018596
 -1.7495477386934672 0.30413288406229244 -0.006664331044046649
 -1.7497738693467335 0.30413288406229244 -0.0018779016084140023
 -1.7499999999999998 0.30413288406229244 0.007107697370833543
 -1.7457035175879396 0.3040681983003922 -0.0033266201037256233
 -1.745929648241206 0.3040681983003922 0.004614151034145129
 -1.7461557788944722 0.3040681983003922 -9.974169510234719e-5
 -1.7463819095477384 0.3040681983003922 0.004286711986484644
 -1.746608040201005 0.3040681983003922 -0.008192505734339545
 -1.7468341708542712 0.3040681983003922 -0.0032846774836141294
 -1.7470603015075374 0.3040681983003922 -0.008628220386798472
 -1.747286432160804 0.3040681983003922 0.006089920875274664
 -1.7475125628140702 0.3040681983003922 0.00023374478401713502
 -1.7477386934673365 0.3040681983003922 0.001206689605147201
 -1.7479648241206027 0.3040681983003922 0.0010358639269354697
 -1.748190954773869 0.3040681983003922 -0.002253717422885793
 -1.7484170854271355 0.3040681983003922 -0.004256034606519496
 -1.7486432160804017 0.3040681983003922 -0.00642344205154919
 -1.748869346733668 0.3040681983003922 -0.001963438999015229
 -1.7490954773869345 0.3040681983003922 -0.00018097872562252551
 -1.7493216080402008 0.3040681983003922 -0.002646791809925396
 -1.749547738693467 0.3040681983003922 0.003926353522608133
 -1.7497738693467333 0.3040681983003922 0.0008184888096604924
 -1.7499999999999996 0.3040681983003922 -0.007633793783029516
 -1.7454773869346734 0.30400352647366025 0.0003079137400146435
 -1.7457035175879396 0.30400352647366025 0.009283475929055993
 -1.745929648241206 0.30400352647366025 0.002859236395003169
 -1.7461557788944724 0.30400352647366025 -0.0012550599295261112
 -1.7463819095477386 0.30400352647366025 -0.0006198969609503941
 -1.746608040201005 0.30400352647366025 -0.005691001430568816
 -1.7468341708542712 0.30400352647366025 0.009662250308337852
 -1.7470603015075374 0.30400352647366025 0.0029454808616548663
 -1.747286432160804 0.30400352647366025 0.00016836413850389483
 -1.7475125628140702 0.30400352647366025 -0.008361711496123513
 -1.7477386934673365 0.30400352647366025 -0.007304371916631144
 -1.747964824120603 0.30400352647366025 0.004353413115008312
 -1.7481909547738692 0.30400352647366025 0.006126962105687666
 -1.7484170854271355 0.30400352647366025 -0.008727110647922256
 -1.7486432160804017 0.30400352647366025 -0.004072040368334152
 -1.748869346733668 0.30400352647366025 -0.00672580377307215
 -1.7490954773869345 0.30400352647366025 -0.001406770025980682
 -1.7493216080402008 0.30400352647366025 -0.0045532242060176255
 -1.749547738693467 0.30400352647366025 -0.006954120624104115
 -1.7497738693467335 0.30400352647366025 0.007536639483220041
 -1.7499999999999998 0.30400352647366025 0.00033647194267368946
 -1.745251256281407 0.3039388685820962 0.0001070758436367349
 -1.7454773869346734 0.3039388685820962 0.0040317103611803955
 -1.7457035175879396 0.3039388685820962 0.0027859870138011666
 -1.745929648241206 0.3039388685820962 0.005263341841419824
 -1.7461557788944724 0.3039388685820962 0.0005722176486564016
 -1.7463819095477386 0.3039388685820962 0.0018651432777152446
 -1.746608040201005 0.3039388685820962 -0.006438238838191351
 -1.7468341708542714 0.3039388685820962 0.0015917608466217868
 -1.7470603015075377 0.3039388685820962 0.0029335696800442328
 -1.747286432160804 0.3039388685820962 0.005400236511701358
 -1.7475125628140702 0.3039388685820962 -0.00989798583537887
 -1.7477386934673365 0.3039388685820962 0.007402448265031959
 -1.747964824120603 0.3039388685820962 0.001468989916250353
 -1.7481909547738692 0.3039388685820962 -0.00930878567335053
 -1.7484170854271355 0.3039388685820962 0.00867615360418267
 -1.748643216080402 0.3039388685820962 -0.00688715176801719
 -1.7488693467336682 0.3039388685820962 0.0007181204953325185
 -1.7490954773869345 0.3039388685820962 0.007516928099172557
 -1.7493216080402008 0.3039388685820962 -0.008570601516501443
 -1.749547738693467 0.3039388685820962 -0.004352559691593507
 -1.7497738693467335 0.3039388685820962 0.005087687530040177
 -1.7499999999999998 0.3039388685820962 -0.006692279277689749
 -1.7450251256281406 0.30387422462570024 0.006634747291762264
 -1.7452512562814069 0.30387422462570024 -0.0005451886078569006
 -1.7454773869346731 0.30387422462570024 -0.007970937922963604
 -1.7457035175879394 0.30387422462570024 -0.003437282198055946
 -1.745929648241206 0.30387422462570024 -5.0493819642974755e-5
 -1.7461557788944722 0.30387422462570024 0.0077891811627361675
 -1.7463819095477384 0.30387422462570024 0.0031333284546671393
 -1.746608040201005 0.30387422462570024 -0.0011264278767566373
 -1.7468341708542712 0.30387422462570024 0.0024434009914026957
 -1.7470603015075374 0.30387422462570024 -0.004605503230307208
 -1.7472864321608037 0.30387422462570024 -0.006249952107677276
 -1.74751256281407 0.30387422462570024 -0.0031024388072749946
 -1.7477386934673365 0.30387422462570024 -0.004927404141703356
 -1.7479648241206027 0.30387422462570024 -0.0072538234591868036
 -1.748190954773869 0.30387422462570024 -0.008555226140138601
 -1.7484170854271355 0.30387422462570024 0.0005435337082971256
 -1.7486432160804017 0.30387422462570024 -0.008331716166227132
 -1.748869346733668 0.30387422462570024 0.00015508997949239723
 -1.7490954773869343 0.30387422462570024 -0.0036198129482620804
 -1.7493216080402005 0.30387422462570024 0.0009192131904738052
 -1.749547738693467 0.30387422462570024 0.008476337150628893
 -1.7497738693467333 0.30387422462570024 0.009094367490427765
 -1.7499999999999996 0.30387422462570024 0.004017316937878991
 -1.7447989949748743 0.30380959460447243 0.00815452577521731
 -1.7450251256281406 0.30380959460447243 -0.0016995635471619077
 -1.7452512562814069 0.30380959460447243 0.008623624842701887
 -1.7454773869346734 0.30380959460447243 5.647381903850018e-5
 -1.7457035175879396 0.30380959460447243 0.002132277922358834
 -1.745929648241206 0.30380959460447243 -0.006524871664380806
 -1.7461557788944722 0.30380959460447243 -0.0007833480894178348
 -1.7463819095477384 0.30380959460447243 0.0014646262534841483
 -1.746608040201005 0.30380959460447243 -0.006501154718985842
 -1.7468341708542712 0.30380959460447243 -0.0047457919172398085
 -1.7470603015075374 0.30380959460447243 -0.004877933897593294
 -1.747286432160804 0.30380959460447243 0.0007735868153502006
 -1.7475125628140702 0.30380959460447243 8.141401359034599e-5
 -1.7477386934673365 0.30380959460447243 2.624269481971858e-5
 -1.7479648241206027 0.30380959460447243 -0.0010446750059298323
 -1.748190954773869 0.30380959460447243 -0.0017710149185758476
 -1.7484170854271355 0.30380959460447243 0.00975233098237614
 -1.7486432160804017 0.30380959460447243 0.007865434823222918
 -1.748869346733668 0.30380959460447243 0.005624031245564925
 -1.7490954773869345 0.30380959460447243 -0.009814256322005398
 -1.7493216080402008 0.30380959460447243 -0.0017009119748101317
 -1.749547738693467 0.30380959460447243 0.00027257498635500135
 -1.7497738693467333 0.30380959460447243 0.0005391620780489989
 -1.7499999999999996 0.30380959460447243 -0.00013875706140684338
 -1.744572864321608 0.30374497851841264 0.0054347123946056775
 -1.7447989949748743 0.30374497851841264 0.00447698202598194
 -1.7450251256281406 0.30374497851841264 -0.005280662398244421
 -1.7452512562814069 0.30374497851841264 -0.0005516970250914933
 -1.7454773869346734 0.30374497851841264 0.0017089952480029834
 -1.7457035175879396 0.30374497851841264 0.004644957800174733
 -1.745929648241206 0.30374497851841264 0.0040674084676856
 -1.7461557788944724 0.30374497851841264 -0.010468759732625052
 -1.7463819095477386 0.30374497851841264 0.003124377170322194
 -1.746608040201005 0.30374497851841264 -0.0005819557138635608
 -1.7468341708542712 0.30374497851841264 0.006944439450757423
 -1.7470603015075374 0.30374497851841264 0.002628251398690816
 -1.747286432160804 0.30374497851841264 0.0012815449575193335
 -1.7475125628140702 0.30374497851841264 -0.00276893895177658
 -1.7477386934673365 0.30374497851841264 -0.0023253042641976545
 -1.747964824120603 0.30374497851841264 -0.00013443393908548265
 -1.7481909547738692 0.30374497851841264 -0.0036918458400412354
 -1.7484170854271355 0.30374497851841264 0.004290701054579248
 -1.7486432160804017 0.30374497851841264 0.0005863013762285412
 -1.748869346733668 0.30374497851841264 -0.0022457099608355585
 -1.7490954773869345 0.30374497851841264 -0.00020376722950788382
 -1.7493216080402008 0.30374497851841264 0.00376039687240365
 -1.749547738693467 0.30374497851841264 0.007933955209852359
 -1.7497738693467335 0.30374497851841264 0.002840305941144748
 -1.7499999999999998 0.30374497851841264 -0.00010490718524011986
 -1.7443467336683418 0.303680376367521 -0.0015368846558651164
 -1.744572864321608 0.303680376367521 -0.0008132884109616588
 -1.7447989949748743 0.303680376367521 -0.0005601428972352721
 -1.7450251256281408 0.303680376367521 -0.004130878025174662
 -1.745251256281407 0.303680376367521 -0.002672487092114193
 -1.7454773869346734 0.303680376367521 0.0024816542879922666
 -1.7457035175879396 0.303680376367521 0.007615395321367569
 -1.745929648241206 0.303680376367521 -0.004619071030432359
 -1.7461557788944724 0.303680376367521 0.0008605605556576927
 -1.7463819095477386 0.303680376367521 0.0004409949155173256
 -1.746608040201005 0.303680376367521 -0.005559058202083335
 -1.7468341708542714 0.303680376367521 -0.004818086260472418
 -1.7470603015075377 0.303680376367521 0.00392482175878921
 -1.747286432160804 0.303680376367521 0.008837725915271913
 -1.7475125628140702 0.303680376367521 0.007059415690992837
 -1.7477386934673365 0.303680376367521 0.005281823099029581
 -1.747964824120603 0.303680376367521 0.0014835050668491401
 -1.7481909547738692 0.303680376367521 0.008219332182501158
 -1.7484170854271355 0.303680376367521 -0.003167835517314783
 -1.748643216080402 0.303680376367521 -0.0013782733447100792
 -1.7488693467336682 0.303680376367521 -0.007707808461422311
 -1.7490954773869345 0.303680376367521 0.002554267659005236
 -1.7493216080402008 0.303680376367521 -0.009106917174468545
 -1.749547738693467 0.303680376367521 0.005313324654773775
 -1.7497738693467335 0.303680376367521 -0.005230652291791027
 -1.7499999999999998 0.303680376367521 0.003790096318259315
 -1.7441206030150753 0.30361578815179735 -0.0020916617699254345
 -1.7443467336683416 0.30361578815179735 -2.7202621155486664e-5
 -1.7445728643216079 0.30361578815179735 -0.0027473119609067054
 -1.7447989949748743 0.30361578815179735 -0.0013720245678007018
 -1.7450251256281406 0.30361578815179735 -0.001086509255727397
 -1.7452512562814069 0.30361578815179735 0.0017719605487335561
 -1.7454773869346731 0.30361578815179735 0.004821389557511437
 -1.7457035175879394 0.30361578815179735 0.005142304406239817
 -1.745929648241206 0.30361578815179735 0.0009383907332914971
 -1.7461557788944722 0.30361578815179735 0.0018540578017952813
 -1.7463819095477384 0.30361578815179735 0.009476816343682817
 -1.746608040201005 0.30361578815179735 -0.009019509014006322
 -1.7468341708542712 0.30361578815179735 0.008802962929895247
 -1.7470603015075374 0.30361578815179735 -0.005336545691798568
 -1.7472864321608037 0.30361578815179735 0.00885562369638191
 -1.74751256281407 0.30361578815179735 -0.0029169849544478503
 -1.7477386934673365 0.30361578815179735 0.0010743351860768584
 -1.7479648241206027 0.30361578815179735 2.2722021862537685e-7
 -1.748190954773869 0.30361578815179735 0.006752263339099754
 -1.7484170854271355 0.30361578815179735 0.0006126523931387078
 -1.7486432160804017 0.30361578815179735 0.007663530947004275
 -1.748869346733668 0.30361578815179735 -0.0008588784402224671
 -1.7490954773869343 0.30361578815179735 0.003876650886521885
 -1.7493216080402005 0.30361578815179735 -0.00042677497250676277
 -1.749547738693467 0.30361578815179735 0.00719699640360078
 -1.7497738693467333 0.30361578815179735 0.00024997139193267564
 -1.7499999999999996 0.30361578815179735 -0.00024186364829492473
 -1.743894472361809 0.30355121387124173 -0.00226171172743736
 -1.7441206030150753 0.30355121387124173 -0.0022459749740885216
 -1.7443467336683416 0.30355121387124173 -0.00823434429108719
 -1.7445728643216079 0.30355121387124173 0.009822572848903094
 -1.7447989949748743 0.30355121387124173 0.00011931006259876427
 -1.7450251256281406 0.30355121387124173 -0.002678523354370167
 -1.7452512562814069 0.30355121387124173 -0.0028764655751318206
 -1.7454773869346734 0.30355121387124173 -0.0011621344311635552
 -1.7457035175879396 0.30355121387124173 0.0015064081823433508
 -1.745929648241206 0.30355121387124173 0.009584302291431488
 -1.7461557788944722 0.30355121387124173 -0.00940807000453192
 -1.7463819095477384 0.30355121387124173 -0.0025301295556293506
 -1.746608040201005 0.30355121387124173 0.0010936933843090756
 -1.7468341708542712 0.30355121387124173 0.0033921281209311903
 -1.7470603015075374 0.30355121387124173 0.008730492777897537
 -1.747286432160804 0.30355121387124173 -0.005255749358528926
 -1.7475125628140702 0.30355121387124173 0.009343871227066924
 -1.7477386934673365 0.30355121387124173 0.0006486066237269847
 -1.7479648241206027 0.30355121387124173 -0.0052422675865808266
 -1.748190954773869 0.30355121387124173 0.002206600857138798
 -1.7484170854271355 0.30355121387124173 -0.004379991662643851
 -1.7486432160804017 0.30355121387124173 -9.850569792674871e-5
 -1.748869346733668 0.30355121387124173 0.0027632160567666363
 -1.7490954773869345 0.30355121387124173 0.0006923493543927358
 -1.7493216080402008 0.30355121387124173 -0.005865017728977242
 -1.749547738693467 0.30355121387124173 0.007719066668547639
 -1.7497738693467333 0.30355121387124173 -0.008205094753220961
 -1.7499999999999996 0.30355121387124173 0.001744267081455541
 -1.7436683417085428 0.30348665352585436 0.002837292298944223
 -1.743894472361809 0.30348665352585436 0.0036480530967738234
 -1.7441206030150753 0.30348665352585436 -0.009554922986376405
 -1.7443467336683418 0.30348665352585436 -0.001646761366396088
 -1.744572864321608 0.30348665352585436 -0.0005509776037781069
 -1.7447989949748743 0.30348665352585436 -0.006606131123646324
 -1.7450251256281406 0.30348665352585436 -0.006355922294053667
 -1.7452512562814069 0.30348665352585436 0.0006158540849494397
 -1.7454773869346734 0.30348665352585436 -0.0006033824338327657
 -1.7457035175879396 0.30348665352585436 0.00038734240833211654
 -1.745929648241206 0.30348665352585436 0.004591637663055293
 -1.7461557788944724 0.30348665352585436 -0.0010057672357846482
 -1.7463819095477386 0.30348665352585436 -0.0016285884520724906
 -1.746608040201005 0.30348665352585436 0.0012164534580044264
 -1.7468341708542712 0.30348665352585436 0.003042471556926989
 -1.7470603015075374 0.30348665352585436 0.0017284062765170805
 -1.747286432160804 0.30348665352585436 0.010239716503081751
 -1.7475125628140702 0.30348665352585436 0.0072087869386259955
 -1.7477386934673365 0.30348665352585436 -0.00034994743891626057
 -1.747964824120603 0.30348665352585436 0.009591313799680345
 -1.7481909547738692 0.30348665352585436 0.003417760131117857
 -1.7484170854271355 0.30348665352585436 -0.00459783203503099
 -1.7486432160804017 0.30348665352585436 -0.006482367523035351
 -1.748869346733668 0.30348665352585436 0.00500469822001142
 -1.7490954773869345 0.30348665352585436 0.00094378811421616
 -1.7493216080402008 0.30348665352585436 -0.005502859842176569
 -1.749547738693467 0.30348665352585436 -0.006036046794554293
 -1.7497738693467335 0.30348665352585436 -0.009033559612092668
 -1.7499999999999998 0.30348665352585436 -0.004149270727090615
 -1.7434422110552763 0.3034221071156349 -0.009601510883598756
 -1.7436683417085426 0.3034221071156349 -0.0016260976935979382
 -1.7438944723618088 0.3034221071156349 -0.007271189802040986
 -1.7441206030150753 0.3034221071156349 0.0003959209579450339
 -1.7443467336683416 0.3034221071156349 0.0062487771508992155
 -1.7445728643216079 0.3034221071156349 -0.005185350794545937
 -1.7447989949748741 0.3034221071156349 -0.00036700139208108645
 -1.7450251256281404 0.3034221071156349 -0.0059489643101423295
 -1.7452512562814069 0.3034221071156349 -0.0009496697252228592
 -1.7454773869346731 0.3034221071156349 -0.005433824686249792
 -1.7457035175879394 0.3034221071156349 0.0010300802096509026
 -1.745929648241206 0.3034221071156349 0.00024894830918464536
 -1.7461557788944722 0.3034221071156349 -0.0032789522991643755
 -1.7463819095477384 0.3034221071156349 0.005313090634453306
 -1.7466080402010047 0.3034221071156349 0.00044581895545552563
 -1.746834170854271 0.3034221071156349 0.0022831239846717024
 -1.7470603015075374 0.3034221071156349 0.0006722105123268396
 -1.7472864321608037 0.3034221071156349 -0.007337959454348389
 -1.74751256281407 0.3034221071156349 -0.00747954708474674
 -1.7477386934673365 0.3034221071156349 0.0023552872903579436
 -1.7479648241206027 0.3034221071156349 -0.001311383339807566
 -1.748190954773869 0.3034221071156349 -0.008255455744206459
 -1.7484170854271353 0.3034221071156349 -0.002940272219635583
 -1.7486432160804015 0.3034221071156349 0.005562675676177328
 -1.748869346733668 0.3034221071156349 -0.006371881288718918
 -1.7490954773869343 0.3034221071156349 0.0004291759156951538
 -1.7493216080402005 0.3034221071156349 0.003463426444210238
 -1.749547738693467 0.3034221071156349 -6.751786539824715e-5
 -1.7497738693467333 0.3034221071156349 -0.0038393293738272563
 -1.7499999999999996 0.3034221071156349 0.0034715688789979018
 -1.74321608040201 0.30335757464058355 0.003721535413504552
 -1.7434422110552763 0.30335757464058355 -0.0029139040919740297
 -1.7436683417085426 0.30335757464058355 0.006035670194547985
 -1.7438944723618088 0.30335757464058355 0.0006756992824012866
 -1.7441206030150753 0.30335757464058355 0.0094162545561588
 -1.7443467336683416 0.30335757464058355 0.001790732199061127
 -1.7445728643216079 0.30335757464058355 0.0026327768050463957
 -1.7447989949748743 0.30335757464058355 0.006088086060514439
 -1.7450251256281406 0.30335757464058355 0.004520931287918502
 -1.7452512562814069 0.30335757464058355 0.0030441907043898824
 -1.7454773869346731 0.30335757464058355 0.004318928956483824
 -1.7457035175879394 0.30335757464058355 0.0040670048851935035
 -1.745929648241206 0.30335757464058355 0.005901358874583267
 -1.7461557788944722 0.30335757464058355 0.008810693331172856
 -1.7463819095477384 0.30335757464058355 0.008384396278449432
 -1.746608040201005 0.30335757464058355 0.0014615459554317438
 -1.7468341708542712 0.30335757464058355 0.000337614835633293
 -1.7470603015075374 0.30335757464058355 0.009959079802585159
 -1.7472864321608037 0.30335757464058355 -0.010787872983119841
 -1.74751256281407 0.30335757464058355 -0.001045949079171356
 -1.7477386934673365 0.30335757464058355 0.007739845204107448
 -1.7479648241206027 0.30335757464058355 0.005134294307244396
 -1.748190954773869 0.30335757464058355 0.002882509712884919
 -1.7484170854271355 0.30335757464058355 -0.0008637037191289371
 -1.7486432160804017 0.30335757464058355 -0.006651743965578078
 -1.748869346733668 0.30335757464058355 0.002075521493648331
 -1.7490954773869343 0.30335757464058355 -0.0022897215334159865
 -1.7493216080402005 0.30335757464058355 -0.004815326709499182
 -1.749547738693467 0.30335757464058355 -0.0019010588132971323
 -1.7497738693467333 0.30335757464058355 -0.002086967832888279
 -1.7499999999999996 0.30335757464058355 0.003283996819165714
 -1.7429899497487438 0.30329305610070034 0.008773490379710256
 -1.74321608040201 0.30329305610070034 -0.007571768173741675
 -1.7434422110552763 0.30329305610070034 -0.0004890147126821702
 -1.7436683417085428 0.30329305610070034 0.0030543003294367034
 -1.743894472361809 0.30329305610070034 0.007522365908118466
 -1.7441206030150753 0.30329305610070034 -3.635731545542565e-5
 -1.7443467336683416 0.30329305610070034 -0.008463926163430058
 -1.7445728643216079 0.30329305610070034 0.007757611275362315
 -1.7447989949748743 0.30329305610070034 0.0009690882239019123
 -1.7450251256281406 0.30329305610070034 0.0035340962813009023
 -1.7452512562814069 0.30329305610070034 0.008510689615431553
 -1.7454773869346734 0.30329305610070034 0.003272920364309128
 -1.7457035175879396 0.30329305610070034 -0.007930930237872629
 -1.745929648241206 0.30329305610070034 0.00807345404060477
 -1.7461557788944722 0.30329305610070034 -0.010592101499215049
 -1.7463819095477384 0.30329305610070034 -0.0050682132548415275
 -1.746608040201005 0.30329305610070034 -0.005914704264827308
 -1.7468341708542712 0.30329305610070034 -0.0017699008001477814
 -1.7470603015075374 0.30329305610070034 -0.005261449134666429
 -1.747286432160804 0.30329305610070034 -0.005234180389209709
 -1.7475125628140702 0.30329305610070034 0.009052168738972006
 -1.7477386934673365 0.30329305610070034 -0.0002068484210773685
 -1.7479648241206027 0.30329305610070034 -0.005299809143838185
 -1.748190954773869 0.30329305610070034 -0.002596536892632599
 -1.7484170854271355 0.30329305610070034 0.00016742340562741974
 -1.7486432160804017 0.30329305610070034 -0.004554679119410973
 -1.748869346733668 0.30329305610070034 -0.0024508903220382956
 -1.7490954773869345 0.30329305610070034 -0.008405948523761506
 -1.7493216080402008 0.30329305610070034 -0.0008526417222171032
 -1.749547738693467 0.30329305610070034 -0.0021662881067061944
 -1.7497738693467333 0.30329305610070034 0.0006931857286969072
 -1.7499999999999996 0.30329305610070034 1.8738505171381593e-5
 -1.7427638190954773 0.30322855149598515 0.005673619497928405
 -1.7429899497487436 0.30322855149598515 -0.006390094535539815
 -1.7432160804020098 0.30322855149598515 -0.0017496698083841603
 -1.7434422110552763 0.30322855149598515 0.007967219569145735
 -1.7436683417085426 0.30322855149598515 0.005864808391725946
 -1.7438944723618088 0.30322855149598515 0.002867965635357402
 -1.744120603015075 0.30322855149598515 0.0038413822882524644
 -1.7443467336683414 0.30322855149598515 0.006120985034225663
 -1.7445728643216079 0.30322855149598515 0.0007625022804239675
 -1.7447989949748741 0.30322855149598515 0.002121082746381677
 -1.7450251256281404 0.30322855149598515 0.008550489820040669
 -1.7452512562814069 0.30322855149598515 -0.008393019694979197
 -1.7454773869346731 0.30322855149598515 -0.003244912866518223
 -1.7457035175879394 0.30322855149598515 0.005934719789535878
 -1.7459296482412057 0.30322855149598515 0.007926063160004571
 -1.746155778894472 0.30322855149598515 -0.009629298375756653
 -1.7463819095477384 0.30322855149598515 0.0036962596772567684
 -1.7466080402010047 0.30322855149598515 0.0014595934256602695
 -1.746834170854271 0.30322855149598515 -0.002845060894889282
 -1.7470603015075374 0.30322855149598515 0.007214173504321333
 -1.7472864321608037 0.30322855149598515 0.00377895454006584
 -1.74751256281407 0.30322855149598515 0.001164779160552391
 -1.7477386934673362 0.30322855149598515 -0.009294472313964231
 -1.7479648241206025 0.30322855149598515 0.00025889134865887816
 -1.748190954773869 0.30322855149598515 0.005150333840669691
 -1.7484170854271353 0.30322855149598515 0.0037170849774414315
 -1.7486432160804015 0.30322855149598515 0.0012432408864468073
 -1.748869346733668 0.30322855149598515 0.0021792225957331093
 -1.7490954773869343 0.30322855149598515 0.0005698111548289175
 -1.7493216080402005 0.30322855149598515 -0.0009658808548987127
 -1.7495477386934668 0.30322855149598515 0.0010247805826870784
 -1.749773869346733 0.30322855149598515 0.0008392651147560049
 -1.7499999999999996 0.30322855149598515 0.08068301615203957
 -1.742537688442211 0.303164060826438 0.0012642316461667
 -1.7427638190954773 0.303164060826438 -0.0008885680182637648
 -1.7429899497487436 0.303164060826438 0.0012524965552185158
 -1.7432160804020098 0.303164060826438 0.008094364484156888
 -1.7434422110552763 0.303164060826438 0.002925095301751884
 -1.7436683417085426 0.303164060826438 -0.00980181544071401
 -1.7438944723618088 0.303164060826438 0.009649331883970406
 -1.7441206030150753 0.303164060826438 -0.0006360759777339323
 -1.7443467336683416 0.303164060826438 -0.0055125587113800155
 -1.7445728643216079 0.303164060826438 -0.00723444384767498
 -1.7447989949748741 0.303164060826438 0.003913093112741148
 -1.7450251256281404 0.303164060826438 0.00706324365921543
 -1.7452512562814069 0.303164060826438 0.002519287633924708
 -1.7454773869346731 0.303164060826438 -0.0008140479684630335
 -1.7457035175879394 0.303164060826438 -0.001997761564884945
 -1.745929648241206 0.303164060826438 -0.0034027220147260493
 -1.7461557788944722 0.303164060826438 0.00576761220205248
 -1.7463819095477384 0.303164060826438 -0.0025014591233136086
 -1.7466080402010047 0.303164060826438 0.0014917125350870362
 -1.746834170854271 0.303164060826438 -0.008646591037350363
 -1.7470603015075374 0.303164060826438 -0.0030771138027729642
 -1.7472864321608037 0.303164060826438 -0.005052773821373148
 -1.74751256281407 0.303164060826438 -0.0038050535992161876
 -1.7477386934673365 0.303164060826438 -0.0020141422507091566
 -1.7479648241206027 0.303164060826438 0.008920173352253985
 -1.748190954773869 0.303164060826438 0.004770611890219028
 -1.7484170854271353 0.303164060826438 -0.008729295333766136
 -1.7486432160804015 0.303164060826438 0.005951885785126021
 -1.748869346733668 0.303164060826438 0.003842985456623831
 -1.7490954773869343 0.303164060826438 -0.0025714387613288044
 -1.7493216080402005 0.303164060826438 0.000759187693772008
 -1.749547738693467 0.303164060826438 -0.0034394353751309803
 -1.7497738693467333 0.303164060826438 0.07875011931172089
 -1.7499999999999996 0.303164060826438 0.1262095012511029
 -1.7423115577889448 0.30309958409205906 -0.0021641661653603378
 -1.742537688442211 0.30309958409205906 0.003410266494168682
 -1.7427638190954773 0.30309958409205906 -0.004304559832816496
 -1.7429899497487438 0.30309958409205906 0.008010601135630964
 -1.74321608040201 0.30309958409205906 0.0006775216348770956
 -1.7434422110552763 0.30309958409205906 0.0029327266387693847
 -1.7436683417085426 0.30309958409205906 0.004423839955898984
 -1.7438944723618088 0.30309958409205906 0.0010029751328491873
 -1.7441206030150753 0.30309958409205906 0.007354753954373021
 -1.7443467336683416 0.30309958409205906 -0.008992257413397936
 -1.7445728643216079 0.30309958409205906 -0.0021304678104746766
 -1.7447989949748743 0.30309958409205906 -0.0037179416746522145
 -1.7450251256281406 0.30309958409205906 -0.0005744246975690101
 -1.7452512562814069 0.30309958409205906 0.0017260036585012965
 -1.7454773869346731 0.30309958409205906 -0.0013656135983447309
 -1.7457035175879394 0.30309958409205906 -0.0008717456983229177
 -1.745929648241206 0.30309958409205906 -0.007573848789361424
 -1.7461557788944722 0.30309958409205906 0.0005995111017798381
 -1.7463819095477384 0.30309958409205906 -0.0014823788262203015
 -1.746608040201005 0.30309958409205906 -0.001522845653536886
 -1.7468341708542712 0.30309958409205906 -0.006257622073187475
 -1.7470603015075374 0.30309958409205906 -0.002588252669496843
 -1.7472864321608037 0.30309958409205906 -0.0014572575780728368
 -1.74751256281407 0.30309958409205906 0.0004915341508769349
 -1.7477386934673365 0.30309958409205906 -0.0014355477777506062
 -1.7479648241206027 0.30309958409205906 0.008043538687622661
 -1.748190954773869 0.30309958409205906 0.004763051010825906
 -1.7484170854271355 0.30309958409205906 0.003404006112786524
 -1.7486432160804017 0.30309958409205906 -0.009224736081590468
 -1.748869346733668 0.30309958409205906 -0.0019258585550235598
 -1.7490954773869343 0.30309958409205906 0.0006711070793115735
 -1.7493216080402005 0.30309958409205906 0.00890153455634598
 -1.749547738693467 0.30309958409205906 0.06098233080511164
 -1.7497738693467333 0.30309958409205906 0.10875819254353437
 -1.7499999999999996 0.30309958409205906 0.1336610418535408
 -1.7420854271356785 0.30303512129284804 0.002364258761155986
 -1.7423115577889448 0.30303512129284804 -0.0022709132526465546
 -1.742537688442211 0.30303512129284804 0.008300641871652857
 -1.7427638190954773 0.30303512129284804 0.0056759263999763805
 -1.7429899497487438 0.30303512129284804 0.003808387470189374
 -1.74321608040201 0.30303512129284804 -0.0050570894307551
 -1.7434422110552763 0.30303512129284804 0.0008168725642852666
 -1.7436683417085428 0.30303512129284804 0.004344753588253147
 -1.743894472361809 0.30303512129284804 -0.008508236596966588
 -1.7441206030150753 0.30303512129284804 -0.0035402111085981987
 -1.7443467336683416 0.30303512129284804 0.00022319804150111968
 -1.7445728643216079 0.30303512129284804 0.0005829432947534009
 -1.7447989949748743 0.30303512129284804 -0.006839401304172904
 -1.7450251256281406 0.30303512129284804 -0.007332804601284831
 -1.7452512562814069 0.30303512129284804 -0.003065342104743438
 -1.7454773869346734 0.30303512129284804 0.005380374217745841
 -1.7457035175879396 0.30303512129284804 0.0010488936990593672
 -1.745929648241206 0.30303512129284804 0.0009317728631278886
 -1.7461557788944722 0.30303512129284804 -0.0035137473515976206
 -1.7463819095477384 0.30303512129284804 -0.0019330468561823088
 -1.746608040201005 0.30303512129284804 0.0025931493662783816
 -1.7468341708542712 0.30303512129284804 0.002539104761508345
 -1.7470603015075374 0.30303512129284804 0.004197463896839572
 -1.747286432160804 0.30303512129284804 0.0076121215800248315
 -1.7475125628140702 0.30303512129284804 0.0014596505207466728
 -1.7477386934673365 0.30303512129284804 -0.003931862503336054
 -1.7479648241206027 0.30303512129284804 0.0012240368132706003
 -1.748190954773869 0.30303512129284804 0.0010533044433868345
 -1.7484170854271355 0.30303512129284804 -0.003143763584221525
 -1.7486432160804017 0.30303512129284804 0.0032828985552528214
 -1.748869346733668 0.30303512129284804 -0.001315872106162849
 -1.7490954773869345 0.30303512129284804 -0.005440250036119911
 -1.7493216080402008 0.30303512129284804 0.06412580062051258
 -1.749547738693467 0.30303512129284804 0.11304138447146192
 -1.7497738693467333 0.30303512129284804 0.11881854083312786
 -1.7499999999999996 0.30303512129284804 0.15773785346361727
 -1.741859296482412 0.30297067242880515 0.00370630794566975
 -1.7420854271356783 0.30297067242880515 0.0010951841525553678
 -1.7423115577889445 0.30297067242880515 0.005004856150182088
 -1.7425376884422108 0.30297067242880515 -3.6363668278566244e-5
 -1.7427638190954773 0.30297067242880515 -0.004102965857645561
 -1.7429899497487436 0.30297067242880515 -0.004429076544640682
 -1.7432160804020098 0.30297067242880515 -0.004429210332369946
 -1.7434422110552763 0.30297067242880515 -0.0066492590501107
 -1.7436683417085426 0.30297067242880515 -0.00249230888760979
 -1.7438944723618088 0.30297067242880515 -0.0015298434471240675
 -1.744120603015075 0.30297067242880515 -0.0025711765207785103
 -1.7443467336683414 0.30297067242880515 -0.008322956928504033
 -1.7445728643216079 0.30297067242880515 -0.004638914252073065
 -1.7447989949748741 0.30297067242880515 0.006531634771719732
 -1.7450251256281404 0.30297067242880515 0.006536535766359826
 -1.7452512562814069 0.30297067242880515 -0.0021126531917834528
 -1.7454773869346731 0.30297067242880515 0.0031440268902995826
 -1.7457035175879394 0.30297067242880515 -0.0003976036117154727
 -1.7459296482412057 0.30297067242880515 0.005229605723694119
 -1.746155778894472 0.30297067242880515 -0.004618961881992098
 -1.7463819095477384 0.30297067242880515 0.004269812122630347
 -1.7466080402010047 0.30297067242880515 0.0015068834309462948
 -1.746834170854271 0.30297067242880515 -0.01109549832481521
 -1.7470603015075374 0.30297067242880515 0.007371907686343955
 -1.7472864321608037 0.30297067242880515 0.003474529710846698
 -1.74751256281407 0.30297067242880515 0.003499516416453066
 -1.7477386934673362 0.30297067242880515 -0.008435169773273134
 -1.7479648241206025 0.30297067242880515 0.009927792226583774
 -1.748190954773869 0.30297067242880515 0.0002533506706681604
 -1.7484170854271353 0.30297067242880515 0.0029074677909856047
 -1.7486432160804015 0.30297067242880515 0.0026435486570832757
 -1.748869346733668 0.30297067242880515 0.004657042822685592
 -1.7490954773869343 0.30297067242880515 0.06584639465894293
 -1.7493216080402005 0.30297067242880515 0.09550525967760023
 -1.7495477386934668 0.30297067242880515 0.12172080376726079
 -1.749773869346733 0.30297067242880515 0.15027405380779424
 -1.7499999999999996 0.30297067242880515 -0.31743673370584286
 -1.7416331658291457 0.3029062374999304 -0.005138405323603025
 -1.741859296482412 0.3029062374999304 -0.003544136617180385
 -1.7420854271356783 0.3029062374999304 0.009390695758259215
 -1.7423115577889448 0.3029062374999304 0.0019468978158722072
 -1.742537688442211 0.3029062374999304 0.0003518948641649241
 -1.7427638190954773 0.3029062374999304 -0.0004810162168291604
 -1.7429899497487436 0.3029062374999304 -0.0020942261538509895
 -1.7432160804020098 0.3029062374999304 0.005805289040136779
 -1.7434422110552763 0.3029062374999304 -0.0007718796433577493
 -1.7436683417085426 0.3029062374999304 -0.00039381904662027075
 -1.7438944723618088 0.3029062374999304 0.006569262426588412
 -1.7441206030150753 0.3029062374999304 -0.009703156318990758
 -1.7443467336683416 0.3029062374999304 0.008167141417290092
 -1.7445728643216079 0.3029062374999304 -0.009240085466298559
 -1.7447989949748741 0.3029062374999304 0.00713139629361977
 -1.7450251256281404 0.3029062374999304 -0.007460369819707896
 -1.7452512562814069 0.3029062374999304 0.005026050652172946
 -1.7454773869346731 0.3029062374999304 0.000971733900768731
 -1.7457035175879394 0.3029062374999304 -0.005023771313801471
 -1.745929648241206 0.3029062374999304 -0.00021094736468993736
 -1.7461557788944722 0.3029062374999304 -0.00010532943896621271
 -1.7463819095477384 0.3029062374999304 0.006482558156234992
 -1.7466080402010047 0.3029062374999304 -0.003019161596345437
 -1.746834170854271 0.3029062374999304 -0.0045171853425979855
 -1.7470603015075374 0.3029062374999304 -0.006338855289400103
 -1.7472864321608037 0.3029062374999304 0.009078284445580198
 -1.74751256281407 0.3029062374999304 0.0068182684656160324
 -1.7477386934673365 0.3029062374999304 -0.0014064678660229892
 -1.7479648241206027 0.3029062374999304 0.004349677004109765
 -1.748190954773869 0.3029062374999304 0.00858567121996757
 -1.7484170854271353 0.3029062374999304 -0.00022903858948708156
 -1.7486432160804015 0.3029062374999304 -0.004648315097742222
 -1.748869346733668 0.3029062374999304 0.05586842518412671
 -1.7490954773869343 0.3029062374999304 0.10022228873661036
 -1.7493216080402005 0.3029062374999304 0.12470339449279405
 -1.749547738693467 0.3029062374999304 0.13978304901850977
 -1.7497738693467333 0.3029062374999304 -0.3173361753908752
 -1.7499999999999996 0.3029062374999304 -0.3188719171691641
 -1.7414070351758795 0.30284181650622366 -0.0018118711971820212
 -1.7416331658291457 0.30284181650622366 0.0072842720532346715
 -1.741859296482412 0.30284181650622366 0.006443480743264167
 -1.7420854271356783 0.30284181650622366 -0.003592671201695507
 -1.7423115577889448 0.30284181650622366 0.009457660382112236
 -1.742537688442211 0.30284181650622366 0.0006621704620273482
 -1.7427638190954773 0.30284181650622366 0.009696805955352663
 -1.7429899497487438 0.30284181650622366 -1.6413295584195528e-5
 -1.74321608040201 0.30284181650622366 -0.0007403223749290609
 -1.7434422110552763 0.30284181650622366 -0.009651723015495363
 -1.7436683417085426 0.30284181650622366 -0.002340821110015533
 -1.7438944723618088 0.30284181650622366 -0.004095659298401793
 -1.7441206030150753 0.30284181650622366 0.0026321742000614927
 -1.7443467336683416 0.30284181650622366 0.003240990401514445
 -1.7445728643216079 0.30284181650622366 0.0037734818822337474
 -1.7447989949748743 0.30284181650622366 0.008598137805119121
 -1.7450251256281406 0.30284181650622366 -0.00532524607838957
 -1.7452512562814069 0.30284181650622366 0.008458338111020845
 -1.7454773869346731 0.30284181650622366 0.00044771592434134886
 -1.7457035175879394 0.30284181650622366 -0.002393673960541435
 -1.745929648241206 0.30284181650622366 -0.0080463154868603
 -1.7461557788944722 0.30284181650622366 0.009575115661284387
 -1.7463819095477384 0.30284181650622366 -0.0006094158859535949
 -1.746608040201005 0.30284181650622366 0.0007021708066275863
 -1.7468341708542712 0.30284181650622366 0.0027779580617858725
 -1.7470603015075374 0.30284181650622366 0.007749659698863515
 -1.7472864321608037 0.30284181650622366 0.004408897592675209
 -1.74751256281407 0.30284181650622366 0.003860550217501953
 -1.7477386934673365 0.30284181650622366 0.003627247447194318
 -1.7479648241206027 0.30284181650622366 0.009154779560795022
 -1.748190954773869 0.30284181650622366 -0.0014385705871235264
 -1.7484170854271355 0.30284181650622366 -0.006982470648048977
 -1.7486432160804017 0.30284181650622366 0.0423474487171586
 -1.748869346733668 0.30284181650622366 0.08935169232994092
 -1.7490954773869343 0.30284181650622366 0.12367630731953008
 -1.7493216080402005 0.30284181650622366 0.13421230032625137
 -1.749547738693467 0.30284181650622366 0.11250002636911534
 -1.7497738693467333 0.30284181650622366 -0.31754722573807836
 -1.7499999999999996 0.30284181650622366 -0.31733958464794254
 -1.741180904522613 0.30277740944768494 0.005161417445926356
 -1.7414070351758792 0.30277740944768494 0.009112373299420974
 -1.7416331658291455 0.30277740944768494 2.7933411222608047e-5
 -1.7418592964824118 0.30277740944768494 0.0024727039265851417
 -1.7420854271356783 0.30277740944768494 -0.0003576911425879516
 -1.7423115577889445 0.30277740944768494 0.0040393777306772525
 -1.7425376884422108 0.30277740944768494 -0.0057968355115490386
 -1.7427638190954773 0.30277740944768494 -0.0015630967249406155
 -1.7429899497487436 0.30277740944768494 -0.0015751858380299486
 -1.7432160804020098 0.30277740944768494 0.005079456054245137
 -1.743442211055276 0.30277740944768494 -0.006722190921193294
 -1.7436683417085423 0.30277740944768494 -0.0019111789238766828
 -1.7438944723618088 0.30277740944768494 -0.003769877074606397
 -1.744120603015075 0.30277740944768494 0.0011985568675581479
 -1.7443467336683414 0.30277740944768494 -0.00030188057982946475
 -1.7445728643216079 0.30277740944768494 -0.0025755387989917383
 -1.7447989949748741 0.30277740944768494 -0.007978191621427018
 -1.7450251256281404 0.30277740944768494 0.0005632623226145199
 -1.7452512562814066 0.30277740944768494 -0.008680643687184023
 -1.745477386934673 0.30277740944768494 -0.0008867814668734951
 -1.7457035175879394 0.30277740944768494 0.008523414292219783
 -1.7459296482412057 0.30277740944768494 0.006240817273007472
 -1.746155778894472 0.30277740944768494 0.005855658160858779
 -1.7463819095477384 0.30277740944768494 0.00700055006405429
 -1.7466080402010047 0.30277740944768494 0.007742795710987486
 -1.746834170854271 0.30277740944768494 -0.0006326117330415254
 -1.7470603015075372 0.30277740944768494 0.0007168066018945765
 -1.7472864321608035 0.30277740944768494 -0.005095505733165934
 -1.74751256281407 0.30277740944768494 -0.008215364053327515
 -1.7477386934673362 0.30277740944768494 -0.007054825396628485
 -1.7479648241206025 0.30277740944768494 -0.0002776183085079021
 -1.748190954773869 0.30277740944768494 -0.00027073493588547026
 -1.7484170854271353 0.30277740944768494 0.048316984790374794
 -1.7486432160804015 0.30277740944768494 0.0814754399780558
 -1.7488693467336678 0.30277740944768494 0.10771023027004872
 -1.749095477386934 0.30277740944768494 0.12186618056780006
 -1.7493216080402005 0.30277740944768494 0.12882544191925888
 -1.7495477386934668 0.30277740944768494 -0.3153028197404786
 -1.749773869346733 0.30277740944768494 -0.31777997050328805
 -1.7499999999999996 0.30277740944768494 -0.31847746884940437
 -1.7409547738693467 0.30271301632431435 0.002075202463280872
 -1.741180904522613 0.30271301632431435 0.008196337677722952
 -1.7414070351758792 0.30271301632431435 0.003811378361155758
 -1.7416331658291457 0.30271301632431435 -0.006077266911126157
 -1.741859296482412 0.30271301632431435 0.0006196333890910427
 -1.7420854271356783 0.30271301632431435 0.007040851778321036
 -1.7423115577889445 0.30271301632431435 0.005004188751436481
 -1.7425376884422108 0.30271301632431435 0.0004242720618100827
 -1.7427638190954773 0.30271301632431435 0.0033710823822891305
 -1.7429899497487436 0.30271301632431435 -0.0036391746888339745
 -1.7432160804020098 0.30271301632431435 -0.001667232059097501
 -1.7434422110552763 0.30271301632431435 -0.0010531720987542017
 -1.7436683417085426 0.30271301632431435 -0.0037549925876952006
 -1.7438944723618088 0.30271301632431435 3.882615431186305e-5
 -1.744120603015075 0.30271301632431435 0.0020710708271812145
 -1.7443467336683414 0.30271301632431435 -0.0021721365510171614
 -1.7445728643216079 0.30271301632431435 -0.0012578288284792452
 -1.7447989949748741 0.30271301632431435 -0.0040172784861806955
 -1.7450251256281404 0.30271301632431435 0.003998326945827784
 -1.7452512562814069 0.30271301632431435 0.005591798895884784
 -1.7454773869346731 0.30271301632431435 -0.007026673071015975
 -1.7457035175879394 0.30271301632431435 -0.002476681026075332
 -1.7459296482412057 0.30271301632431435 -0.0027875675781249185
 -1.746155778894472 0.30271301632431435 0.0054642523502320085
 -1.7463819095477384 0.30271301632431435 -0.00556765923873469
 -1.7466080402010047 0.30271301632431435 0.0015690595058493722
 -1.746834170854271 0.30271301632431435 -0.00751597846920625
 -1.7470603015075374 0.30271301632431435 0.00036633045732140443
 -1.7472864321608037 0.30271301632431435 -0.007883416243000848
 -1.74751256281407 0.30271301632431435 -0.00600622642188935
 -1.7477386934673362 0.30271301632431435 -0.0030086188926147744
 -1.7479648241206025 0.30271301632431435 0.0031836309145569005
 -1.748190954773869 0.30271301632431435 0.047551652917486
 -1.7484170854271353 0.30271301632431435 0.09162673013216019
 -1.7486432160804015 0.30271301632431435 0.11691998903770623
 -1.748869346733668 0.30271301632431435 0.12872429421917814
 -1.7490954773869343 0.30271301632431435 0.13307401444164776
 -1.7493216080402005 0.30271301632431435 -0.31935433559141474
 -1.7495477386934668 0.30271301632431435 -0.3170577737636829
 -1.749773869346733 0.30271301632431435 -0.3180619812421837
 -1.7499999999999996 0.30271301632431435 -0.31725417848218285
 -1.7407286432160805 0.3026486371361119 0.005085759588162418
 -1.7409547738693467 0.3026486371361119 0.0017602896869932765
 -1.741180904522613 0.3026486371361119 -0.006178334004963269
 -1.7414070351758792 0.3026486371361119 0.0059186891552349
 -1.7416331658291457 0.3026486371361119 0.00639252851187518
 -1.741859296482412 0.3026486371361119 -0.009384068527236505
 -1.7420854271356783 0.3026486371361119 -0.0020896419693708806
 -1.7423115577889448 0.3026486371361119 0.0018094745683592552
 -1.742537688442211 0.3026486371361119 0.009000175839786831
 -1.7427638190954773 0.3026486371361119 0.002374822099828613
 -1.7429899497487436 0.3026486371361119 -0.0005332664719173426
 -1.7432160804020098 0.3026486371361119 -0.0009908436286148235
 -1.7434422110552763 0.3026486371361119 0.005439863405672687
 -1.7436683417085426 0.3026486371361119 0.005626924635518627
 -1.7438944723618088 0.3026486371361119 0.0003119754034247634
 -1.7441206030150753 0.3026486371361119 -0.0015844755169934525
 -1.7443467336683416 0.3026486371361119 0.0063515000921916896
 -1.7445728643216079 0.3026486371361119 0.001962563534238599
 -1.7447989949748741 0.3026486371361119 0.006614951914869979
 -1.7450251256281404 0.3026486371361119 -0.00785347325193331
 -1.7452512562814069 0.3026486371361119 -0.000913689952909342
 -1.7454773869346731 0.3026486371361119 0.0026121821399954117
 -1.7457035175879394 0.3026486371361119 -0.0039301753022817545
 -1.745929648241206 0.3026486371361119 -0.0014590434460734361
 -1.7461557788944722 0.3026486371361119 -0.0017263853501799911
 -1.7463819095477384 0.3026486371361119 0.008418875946384848
 -1.7466080402010047 0.3026486371361119 0.00021991797491776487
 -1.746834170854271 0.3026486371361119 0.0017748541629372715
 -1.7470603015075374 0.3026486371361119 0.0006358826831093073
 -1.7472864321608037 0.3026486371361119 0.001178005367919102
 -1.74751256281407 0.3026486371361119 0.001122257241061599
 -1.7477386934673365 0.3026486371361119 0.001054350065508105
 -1.7479648241206027 0.3026486371361119 0.03366342383860679
 -1.748190954773869 0.3026486371361119 0.07257010078112644
 -1.7484170854271353 0.3026486371361119 0.1159154623619321
 -1.7486432160804015 0.3026486371361119 0.10315744430480876
 -1.748869346733668 0.3026486371361119 0.11772415379812065
 -1.7490954773869343 0.3026486371361119 -0.3183068329116028
 -1.7493216080402005 0.3026486371361119 -0.3178692682933986
 -1.749547738693467 0.3026486371361119 -0.3174194621113908
 -1.7497738693467333 0.3026486371361119 -0.31812725077198917
 -1.7499999999999996 0.3026486371361119 -0.3173018442430703
 -1.740502512562814 0.30258427188307735 0.005123580299443835
 -1.7407286432160802 0.30258427188307735 -0.00026075485219933966
 -1.7409547738693465 0.30258427188307735 0.008162271853130716
 -1.7411809045226128 0.30258427188307735 0.0026276073438035357
 -1.7414070351758792 0.30258427188307735 0.0037518768614995483
 -1.7416331658291455 0.30258427188307735 0.005366877011959258
 -1.7418592964824118 0.30258427188307735 0.0005329097957062344
 -1.7420854271356783 0.30258427188307735 -6.410468999616331e-5
 -1.7423115577889445 0.30258427188307735 -0.00384744740771731
 -1.7425376884422108 0.30258427188307735 -0.002363290231828652
 -1.742763819095477 0.30258427188307735 -0.0004932776872887886
 -1.7429899497487433 0.30258427188307735 -0.005669460460768428
 -1.7432160804020098 0.30258427188307735 0.004780720916755858
 -1.743442211055276 0.30258427188307735 0.0036075773017000047
 -1.7436683417085423 0.30258427188307735 -0.005680332768910293
 -1.7438944723618088 0.30258427188307735 0.00837373810958014
 -1.744120603015075 0.30258427188307735 0.0017387312078778762
 -1.7443467336683414 0.30258427188307735 0.006146519490324734
 -1.7445728643216076 0.30258427188307735 0.0048756038977248
 -1.744798994974874 0.30258427188307735 -0.0008549989861792362
 -1.7450251256281404 0.30258427188307735 0.0012185532051578898
 -1.7452512562814066 0.30258427188307735 0.009070326096396788
 -1.745477386934673 0.30258427188307735 0.005271411841996553
 -1.7457035175879394 0.30258427188307735 0.0005982186661621162
 -1.7459296482412057 0.30258427188307735 -0.0010732360739293162
 -1.746155778894472 0.30258427188307735 -0.0011369405704723455
 -1.7463819095477382 0.30258427188307735 0.0005760616365791152
 -1.7466080402010045 0.30258427188307735 9.258385435186401e-5
 -1.746834170854271 0.30258427188307735 -0.0067895877073368815
 -1.7470603015075372 0.30258427188307735 0.008833367714513067
 -1.7472864321608035 0.30258427188307735 0.009268747504026969
 -1.74751256281407 0.30258427188307735 -0.00029511653432733823
 -1.7477386934673362 0.30258427188307735 0.034464902594392235
 -1.7479648241206025 0.30258427188307735 0.08988988979678494
 -1.7481909547738688 0.30258427188307735 0.09067368831120033
 -1.748417085427135 0.30258427188307735 0.10265329889508712
 -1.7486432160804015 0.30258427188307735 0.12139641336005116
 -1.7488693467336678 0.30258427188307735 -0.23072181069483125
 -1.749095477386934 0.30258427188307735 -0.317797312776977
 -1.7493216080402005 0.30258427188307735 -0.31774831808696397
 -1.7495477386934668 0.30258427188307735 -0.3173444814472849
 -1.749773869346733 0.30258427188307735 -0.3173728144048055
 -1.7499999999999993 0.30258427188307735 -0.31873935511759305
 -1.7402763819095477 0.30251992056521104 0.0038896566608953294
 -1.740502512562814 0.30251992056521104 0.0010588257953948995
 -1.7407286432160802 0.30251992056521104 -0.008237600355193001
 -1.7409547738693467 0.30251992056521104 0.0008557562615391892
 -1.741180904522613 0.30251992056521104 -0.010745407016348255
 -1.7414070351758792 0.30251992056521104 -0.0010727254773597284
 -1.7416331658291455 0.30251992056521104 -0.008155911675444433
 -1.7418592964824118 0.30251992056521104 0.009068879870176778
 -1.7420854271356783 0.30251992056521104 -0.0016069878210637498
 -1.7423115577889445 0.30251992056521104 0.0005435814797026383
 -1.7425376884422108 0.30251992056521104 0.0015713737738410345
 -1.7427638190954773 0.30251992056521104 0.00844521878512857
 -1.7429899497487436 0.30251992056521104 -0.008052290919726247
 -1.7432160804020098 0.30251992056521104 -0.003298803129607026
 -1.743442211055276 0.30251992056521104 0.003728337716503208
 -1.7436683417085423 0.30251992056521104 0.009046479688891515
 -1.7438944723618088 0.30251992056521104 -0.008729516403585508
 -1.744120603015075 0.30251992056521104 0.0016087178654015646
 -1.7443467336683414 0.30251992056521104 -0.004992270756666661
 -1.7445728643216079 0.30251992056521104 -0.0016212130497058547
 -1.7447989949748741 0.30251992056521104 -0.0074040838571823074
 -1.7450251256281404 0.30251992056521104 -0.0017649883259435693
 -1.7452512562814066 0.30251992056521104 -0.0021789438113348873
 -1.745477386934673 0.30251992056521104 -0.0036961873014895626
 -1.7457035175879394 0.30251992056521104 -0.004879601013878562
 -1.7459296482412057 0.30251992056521104 0.0032745811339006375
 -1.746155778894472 0.30251992056521104 -0.005535095917303612
 -1.7463819095477384 0.30251992056521104 0.0024629564331788115
 -1.7466080402010047 0.30251992056521104 0.006846558020371169
 -1.746834170854271 0.30251992056521104 -0.000897428262081
 -1.7470603015075372 0.30251992056521104 -0.007601020918837222
 -1.7472864321608035 0.30251992056521104 -0.002428205452108739
 -1.74751256281407 0.30251992056521104 0.013710016294479826
 -1.7477386934673362 0.30251992056521104 0.08247303539328016
 -1.7479648241206025 0.30251992056521104 0.10638592602563027
 -1.748190954773869 0.30251992056521104 0.10080560435645523
 -1.7484170854271353 0.30251992056521104 0.1236341465911166
 -1.7486432160804015 0.30251992056521104 0.13470605911962952
 -1.7488693467336678 0.30251992056521104 -0.31843497830144496
 -1.749095477386934 0.30251992056521104 -0.31911642270775076
 -1.7493216080402005 0.30251992056521104 -0.31917603748317497
 -1.7495477386934668 0.30251992056521104 -0.3175445737217812
 -1.749773869346733 0.30251992056521104 -0.3181130339639501
 -1.7499999999999996 0.30251992056521104 -0.3175090832187457
 -1.7400502512562814 0.30245558318251287 -0.009317225016075436
 -1.7402763819095477 0.30245558318251287 -0.005192564813591085
 -1.740502512562814 0.30245558318251287 -0.0016274903065467113
 -1.7407286432160802 0.30245558318251287 -0.002278309298101797
 -1.7409547738693467 0.30245558318251287 -0.003745807730054625
 -1.741180904522613 0.30245558318251287 -0.00021830236349483156
 -1.7414070351758792 0.30245558318251287 -0.005161481291119414
 -1.7416331658291457 0.30245558318251287 0.005934002593288135
 -1.741859296482412 0.30245558318251287 -3.488617951496818e-5
 -1.7420854271356783 0.30245558318251287 -0.0014786939020660927
 -1.7423115577889445 0.30245558318251287 0.009562188064623675
 -1.7425376884422108 0.30245558318251287 -0.0037182762269680433
 -1.7427638190954773 0.30245558318251287 -0.005072503608441328
 -1.7429899497487436 0.30245558318251287 -0.006190350114745918
 -1.7432160804020098 0.30245558318251287 8.130913796953683e-5
 -1.7434422110552763 0.30245558318251287 0.003219625238595139
 -1.7436683417085426 0.30245558318251287 0.004281260930828949
 -1.7438944723618088 0.30245558318251287 -0.009640261063168938
 -1.744120603015075 0.30245558318251287 -0.002128251083297467
 -1.7443467336683414 0.30245558318251287 -0.0011042112291823336
 -1.7445728643216079 0.30245558318251287 -0.005508220678089245
 -1.7447989949748741 0.30245558318251287 -0.0007916419869664292
 -1.7450251256281404 0.30245558318251287 0.0021077165988889284
 -1.7452512562814069 0.30245558318251287 -0.004986408933676508
 -1.7454773869346731 0.30245558318251287 0.00012724234048523824
 -1.7457035175879394 0.30245558318251287 -0.006664799320526527
 -1.7459296482412057 0.30245558318251287 0.0002852183155495
 -1.746155778894472 0.30245558318251287 0.004902855258858513
 -1.7463819095477384 0.30245558318251287 0.0003082596426451738
 -1.7466080402010047 0.30245558318251287 0.0026008884699690246
 -1.746834170854271 0.30245558318251287 -0.006770673588708205
 -1.7470603015075374 0.30245558318251287 0.006168907802338941
 -1.7472864321608037 0.30245558318251287 0.005169415213565808
 -1.74751256281407 0.30245558318251287 0.06904758734602544
 -1.7477386934673362 0.30245558318251287 0.08863948842366229
 -1.7479648241206025 0.30245558318251287 0.09468511548536433
 -1.748190954773869 0.30245558318251287 0.1170887535536986
 -1.7484170854271353 0.30245558318251287 0.11462972582322717
 -1.7486432160804015 0.30245558318251287 -0.31826531982983314
 -1.748869346733668 0.30245558318251287 -0.31779700925191395
 -1.7490954773869343 0.30245558318251287 -0.3179904600683357
 -1.7493216080402005 0.30245558318251287 -0.3179835736098979
 -1.7495477386934668 0.30245558318251287 -0.3184768535195056
 -1.749773869346733 0.30245558318251287 -0.31820625040587747
 -1.7499999999999996 0.30245558318251287 -0.3179126478225096
 -1.7398241206030152 0.3023912597349826 -0.001957765198537561
 -1.7400502512562814 0.3023912597349826 0.007381073665198501
 -1.7402763819095477 0.3023912597349826 0.005791929354754774
 -1.7405025125628142 0.3023912597349826 -0.006602317162629665
 -1.7407286432160805 0.3023912597349826 0.0038655790342019174
 -1.7409547738693467 0.3023912597349826 0.0010558062376939293
 -1.741180904522613 0.3023912597349826 -0.009944042584158428
 -1.7414070351758792 0.3023912597349826 -0.0017181686133831944
 -1.7416331658291457 0.3023912597349826 -0.006613224328696948
 -1.741859296482412 0.3023912597349826 -0.005675350088294299
 -1.7420854271356783 0.3023912597349826 0.0006938031753476808
 -1.7423115577889448 0.3023912597349826 -0.0014408622082891565
 -1.742537688442211 0.3023912597349826 -0.0008856361036560204
 -1.7427638190954773 0.3023912597349826 -0.000438464600866691
 -1.7429899497487436 0.3023912597349826 0.000467150630135667
 -1.7432160804020098 0.3023912597349826 -0.00026787649336008245
 -1.7434422110552763 0.3023912597349826 -0.0005217408757025065
 -1.7436683417085426 0.3023912597349826 -0.0018223971072863908
 -1.7438944723618088 0.3023912597349826 0.009024828868806633
 -1.7441206030150753 0.3023912597349826 0.0015070056196908334
 -1.7443467336683416 0.3023912597349826 -0.00823340744367536
 -1.7445728643216079 0.3023912597349826 0.0015631309937493621
 -1.7447989949748741 0.3023912597349826 0.003406962759874479
 -1.7450251256281404 0.3023912597349826 0.003308663008360372
 -1.7452512562814069 0.3023912597349826 -0.0017284916164311825
 -1.7454773869346731 0.3023912597349826 0.006671095511379562
 -1.7457035175879394 0.3023912597349826 -0.0017182964564970667
 -1.745929648241206 0.3023912597349826 -0.0036168138814542607
 -1.7461557788944722 0.3023912597349826 0.00704676901057616
 -1.7463819095477384 0.3023912597349826 0.00794294702414581
 -1.7466080402010047 0.3023912597349826 -0.0015284948602631058
 -1.746834170854271 0.3023912597349826 0.0019732757712870794
 -1.7470603015075374 0.3023912597349826 0.0008805379550121202
 -1.7472864321608037 0.3023912597349826 0.07152570350300795
 -1.74751256281407 0.3023912597349826 0.08537129626218118
 -1.7477386934673365 0.3023912597349826 0.11151177262355501
 -1.7479648241206027 0.3023912597349826 0.10726927241655815
 -1.748190954773869 0.3023912597349826 0.13591366686267345
