 -1.8 0.34999999999999987 -0.00022855632034940893
 -1.8 0.34999999999999987 0.001484303391490763
 -1.8 0.34999999999999987 0.001152579417384278
 -1.8 0.34999999999999987 -0.005046335809060499
 -1.8 0.34999999999999987 0.002674498032107793
 -1.8 0.34999999999999987 -0.00838700963396366
 -1.8 0.34999999999999987 -0.008119675906382517
 -1.8 0.34999999999999987 -0.0057379304298316915
 -1.8 0.34999999999999987 0.0006442982251792022
 -1.8 0.34999999999999987 0.0038502375632960993
 -1.8 0.34999999999999987 -0.0031166168994512986
 -1.8 0.34999999999999987 0.002872697633549151
 -1.8 0.34999999999999987 0.0014101664499085126
 -1.8 0.34999999999999987 0.0008032098412569024
 -1.8 0.34999999999999987 0.0025714024617536973
 -1.8 0.34999999999999987 -0.0037705786489465637
 -1.8 0.34999999999999987 0.003605571317384813
 -1.8 0.34999999999999987 0.005507354987502412
 -1.8 0.34999999999999987 -0.002654793961407284
 -1.8 0.34999999999999987 0.0003609926930365343
 -1.8 0.34999999999999987 -0.010749388289770064
 -1.8 0.34999999999999987 -0.007648890600559832
 -1.8 0.34999999999999987 0.007573097907152285
 -1.8 0.34999999999999987 0.0015223754392209164
 -1.8 0.34999999999999987 -0.003883562088016065
 -1.8 0.34999999999999987 -0.001404104796501919
 -1.8 0.34999999999999987 0.0047729237434419435
 -1.8 0.34999999999999987 -0.003940376127670478
 -1.8 0.34999999999999987 -0.0028927672357818
 -1.8 0.34999999999999987 0.009345629650398531
 -1.8 0.34999999999999987 0.0026796951453620017
 -1.8 0.34999999999999987 -0.004836876108362307
 -1.8 0.34999999999999987 -0.00886501644496254
 -1.8 0.34999999999999987 -0.003806220160613837
 -1.8 0.34999999999999987 -0.5555555555687804
 -1.8 0.34999999999999987 -0.5555555555687803
 -1.8 0.34999999999999987 -0.5555555555687793
 -1.8 0.34999999999999987 -0.5555555555687791
 -1.8 0.34999999999999987 -0.5555555555687791
 -1.8 0.34999999999999987 -0.5555555555687759
 -1.8 0.34999999999999987 -0.5555555555687758
 -1.8 0.34999999999999987 -0.5555555555687756
 -1.8 0.34999999999999987 -0.5555555555687754
 -1.8 0.34999999999999987 -0.5555555555687745
 -1.8 0.34999999999999987 -0.5555555555687742
 -1.8 0.34999999999999987 -0.5555555555687742
 -1.8 0.34999999999999987 -0.555555555568774
 -1.8 0.34999999999999987 -0.555555555568774
 -1.8 0.34999999999999987 -0.5555555555687738
 -1.8 0.34999999999999987 -0.5555555555687729
 -1.8 0.34999999999999987 -0.5555555555687728
 -1.8 0.34999999999999987 -0.5555555555687726
 -1.8 0.34999999999999987 -0.5555555555687725
 -1.8 0.34999999999999987 -0.5555555555687691
 -1.8 0.34999999999999987 -0.5555555555687691
 -1.8 0.34999999999999987 -0.5555555555687691
 -1.8 0.34999999999999987 -0.5555555555687689
 -1.8 0.34999999999999987 -0.5555555555687688
 -1.8 0.34999999999999987 -0.5555555555687679
 -1.8 0.34999999999999987 -0.5555555555687679
 -1.8 0.34999999999999987 -0.5555555555687677
 -1.8 0.34999999999999987 -0.5555555555687677
 -1.8 0.34999999999999987 -0.5555555555687676
 -1.8 0.34999999999999987 -0.5555555555687545
 -1.8 0.34999999999999987 -0.5555555555687545
 -1.8 0.34999999999999987 -0.5555555555687545
 -1.8 0.34999999999999987 -0.5555555555687542
 -1.8 0.34999999999999987 -0.5555555555687541
 -1.8 0.34999999999999987 -0.5555555555687541
 -1.8 0.34999999999999987 -0.5555555555687532
 -1.8 0.34999999999999987 -0.5555555555687532
 -1.8 0.34999999999999987 -0.555555555568753
 -1.8 0.34999999999999987 -0.5555555555687529
 -1.8 0.34999999999999987 -0.5555555555687529
 -1.8 0.34999999999999987 -0.5555555555687496
 -1.8 0.34999999999999987 -0.5555555555687496
 -1.8 0.34999999999999987 -0.5555555555687496
 -1.8 0.34999999999999987 -0.5555555555687495
 -1.8 0.34999999999999987 -0.5555555555687494
 -1.8 0.34999999999999987 -0.5555555555687492
 -1.8 0.34999999999999987 -0.5555555555687492
 -1.8 0.34999999999999987 -0.5555555555687492
 -1.8 0.34999999999999987 -0.5555555555687484
 -1.8 0.34999999999999987 -0.5555555555687484
 -1.8 0.34999999999999987 -0.5555555555687484
 -1.8 0.34999999999999987 -0.5555555555687481
 -1.8 0.34999999999999987 -0.555555555568748
 -1.8 0.34999999999999987 -0.555555555568748
 -1.8 0.34999999999999987 -0.5555555555687435
 -1.8 0.34999999999999987 -0.5555555555687435
 -1.8 0.34999999999999987 -0.5555555555687434
 -1.8 0.34999999999999987 -0.5555555555687433
 -1.8 0.34999999999999987 -0.5555555555687431
 -1.8 0.34999999999999987 -0.5555555555687431
 -1.8 0.34999999999999987 -0.5555555555687431
 -1.8 0.34999999999999987 -0.5555555555687423
 -1.8 0.34999999999999987 -0.5555555555687423
 -1.8 0.34999999999999987 -0.5555555555687421
 -1.8 0.34999999999999987 -0.555555555568742
 -1.8 0.34999999999999987 -0.5555555555687419
 -1.7944240404040404 0.347853068273151 -0.0068565563526544054
 -1.7888480808080809 0.3457175540356773 0.009975960197391717
 -1.7832721212121212 0.34359345728757845 -0.0013566088359222516
 -1.7776961616161615 0.3414807780288546 -0.006711100407237238
 -1.772120202020202 0.33937951625950585 0.007432938472282573
